kind,filename,category,module,delta_trove_minus_phmpt,net,this_release_markers,phmpt_markers,trove_pages,phmpt_pages,doc_link
reredaction,125752_S3_M5_CRF_mrna-1273-p301-us3212112.pdf,Moderna BLA,M5,(b)(4) -1383; (b)(6) -1379,-2762,(b)(4) 15373; (b)(6) 10013,(b)(4) 16756; (b)(6) 11392,4997,4997,https://phmpt.org/wp-content/uploads/2024/05/125752_S3_M5_CRF_mrna-1273-p301-us3212112.pdf
reredaction,125752_S3_M5_CRF_mrna-1273-p301-us3162078.pdf,Moderna BLA,M5,(b)(4) -1434; (b)(6) +23,-1411,(b)(4) 8509; (b)(6) 3302,(b)(4) 9943; (b)(6) 3279,2923,2923,https://phmpt.org/wp-content/uploads/2024/04/125752_S3_M5_CRF_mrna-1273-p301-us3162078.pdf
reredaction,125752_S3_M5_CRF_mrna-1273-p301-us3042047.pdf,Moderna BLA,M5,(b)(4) -1092; (b)(6) -10,-1102,(b)(4) 11052; (b)(6) 6466,(b)(4) 12144; (b)(6) 6476,2912,2912,https://phmpt.org/wp-content/uploads/2024/02/125752_S3_M5_CRF_mrna-1273-p301-us3042047.pdf
reredaction,125752_S3_M5_CRF_mrna-1273-p301-us3202049.pdf,Moderna BLA,M5,(b)(4) -641; (b)(6) -159,-800,(b)(4) 8696; (b)(6) 3273,(b)(4) 9337; (b)(6) 3432,3307,3307,https://phmpt.org/wp-content/uploads/2024/04/125752_S3_M5_CRF_mrna-1273-p301-us3202049.pdf
reredaction,13_BLA 125752-0_09-27-2021_Telecon_Other.pdf,Other,M5,(b)(6) +582; (b)(4) -6,576,(b)(6) 584; (b)(4) 2,(b)(4) 8; (b)(6) 2,9,9,https://drive.google.com/file/d/1ncY-kBQ4SZnm1zwyuZgeIkLjdDHnFlEL/view?usp=drivesdk
reredaction,116_BLA 125742-0_08-21-2021_Inspection Related_Establi.pdf,Other,,(b)(6) +288; (b)(4) -5; (b)(7)(C) -1,282,(b)(4) 1934; (b)(6) 440; (b)(7)(C) 152; (b)(7)() 1,(b)(4) 1939; (b)(7)(C) 153; (b)(6) 152,86,86,https://drive.google.com/file/d/1bd6opFB-tWSz8WtcYiZph5WOtGko_bLm/view?usp=drivesdk
reredaction,125752_S3_M5_CRF_mrna-1273-p301-us3032277.pdf,Moderna BLA,M5,(b)(4) -231; (b)(6) -33,-264,(b)(4) 4103; (b)(6) 1336,(b)(4) 4334; (b)(6) 1369,1129,1129,https://phmpt.org/wp-content/uploads/2024/02/125752_S3_M5_CRF_mrna-1273-p301-us3032277.pdf
reredaction,125752_S3_M5_CRF_mrna-1273-p301-us3252075.pdf,Moderna BLA,M5,(b)(6) -137; (b)(4) -93,-230,(b)(4) 7660; (b)(6) 3583,(b)(4) 7753; (b)(6) 3720,2460,2460,https://phmpt.org/wp-content/uploads/2024/05/125752_S3_M5_CRF_mrna-1273-p301-us3252075.pdf
reredaction,92_BLA 125742-0_08-19-2021_Inspection Related_Inspect.pdf,Other,,(b)(6) +191; (b)(4) -3,188,(b)(4) 2256; (b)(6) 341; (b)(7)(C) 149,(b)(4) 2259; (b)(6) 150; (b)(7)(C) 149,79,79,https://drive.google.com/file/d/16h5RKCGOCISsxtp_t2oKTa7mbalFaIVr/view?usp=drivesdk
reredaction,125742_S1_M1_meeting-correspondence.pdf,Pfizer BLA,M1,(b)(6) +169,169,(b)(4) 599; (b)(6) 184; (b)(2) 5,(b)(4) 599; (b)(6) 15; (b)(2) 5,636,636,https://phmpt.org/wp-content/uploads/2023/10/125742_S1_M1_meeting-correspondence.pdf
reredaction,125752_S3_M5_CRF_mrna-1273-p301-us3032242.pdf,Moderna BLA,M5,(b)(4) -141; (b)(6) -19,-160,(b)(4) 5200; (b)(6) 1470,(b)(4) 5341; (b)(6) 1489,2322,2322,https://phmpt.org/wp-content/uploads/2024/02/125752_S3_M5_CRF_mrna-1273-p301-us3032242.pdf
reredaction,124_BLA 125742-0_08-23-2021_Memo_Committee Memo_SBRA.pdf,Other,,(b)(6) +150,150,(b)(6) 150; (b)(4) 31,(b)(4) 31,31,31,https://drive.google.com/file/d/1Kcw8P8Uwr50Kr0Kc_KhqTJ4fkOt65pfj/view?usp=drivesdk
reredaction,125742-45_01-06-2022_Meeting Summary_First Com.pdf,Pfizer BLA,,(b)(6) +117,117,(b)(6) 117,,6,6,https://p1215data0612.s3.us-east-2.amazonaws.com/pdocs/multiple/p1215d-production-010224.zip
reredaction,125752_S20_M1_thera-area-user-guide-for-vaccines.pdf,Moderna BLA,M1,(b)(6) +108,108,(b)(6) 108,,22,22,https://phmpt.org/wp-content/uploads/2023/12/125752_S20_M1_thera-area-user-guide-for-vaccines.pdf
reredaction,12_BLA 125752-0_09-27-2021_Telecon_Advice.pdf,Other,M5,(b)(6) +93,93,(b)(6) 113; (b)(4) 32,(b)(4) 32; (b)(6) 20,11,11,https://drive.google.com/file/d/14x12NMZn8M5RQVnzvlv6hUCPfudl0yGm/view?usp=drivesdk
reredaction,125752_S3_M5_CRF_mrna-1273-p301-us3032112.pdf,Moderna BLA,M5,(b)(4) -83; (b)(6) -3,-86,(b)(4) 4312; (b)(6) 1284,(b)(4) 4395; (b)(6) 1287,2128,2128,https://phmpt.org/wp-content/uploads/2024/02/125752_S3_M5_CRF_mrna-1273-p301-us3032112.pdf
reredaction,125742-45_03-02-2022_Meeting Summary_Committee.pdf,Pfizer BLA,,(b)(6) +74,74,(b)(6) 74,,5,5,https://p1215data0612.s3.us-east-2.amazonaws.com/pdocs/multiple/p1215d-production-010224.zip
reredaction,3_BLA 125752-0_09-09-2021_Meeting Summary_Committee .pdf,Other,M5,(b)(6) +73,73,(b)(6) 73,,11,11,https://drive.google.com/file/d/1879KlUfNsrzrDHv2zj6QGua6IlgfwNjz/view?usp=drivesdk
reredaction,108_BLA 125742-0_08-21-2021_Inspection Related_Inspect.pdf,Other,,(b)(6) +72; (b)(4) -2,70,(b)(4) 894; (b)(6) 72; (b)(5) 12; (b)(7)(E) 12,(b)(4) 896; (b)(5) 12; (b)(7)(E) 12,29,29,https://drive.google.com/file/d/1x8zoJZ8dPjSSLVhZHbnuAmNjKFMjgEyh/view?usp=drivesdk
reredaction,27034_S1_M1_meeting-correspondence-pre-eua-responses.pdf,Pfizer EUA,M1,(b)(6) +68,68,(b)(6) 68,,8,8,https://drive.google.com/file/d/1rvimdqcnxZOLLvJw19-UunCvoPq1IiSt/view?usp=drivesdk
reredaction,22_BLA 125742-0_07-15-2021_Meeting Summary_Committee .pdf,Other,,(b)(6) +65,65,(b)(6) 65; (b)(4) 1,(b)(4) 1,9,9,https://drive.google.com/file/d/1jkXTJwo1cdK7jgY-xNLe54bH_lytCh2U/view?usp=drivesdk
reredaction,125742-45_04-07-2022_Meeting Summary_Mid-Cycle.pdf,Pfizer BLA,,(b)(6) +57,57,(b)(6) 57,,9,9,https://p1215data0612.s3.us-east-2.amazonaws.com/pdocs/multiple/p1215d-production-010224.zip
reredaction,125752_S3_M5_CRF_mrna-1273-p301-us3252020.pdf,Moderna BLA,M5,(b)(4) -34; (b)(6) -9,-43,(b)(4) 5907; (b)(6) 2581,(b)(4) 5941; (b)(6) 2590,2281,2281,https://phmpt.org/wp-content/uploads/2024/05/125752_S3_M5_CRF_mrna-1273-p301-us3252020.pdf
reredaction,129_BLA 125742-0_08-30-2021_Telecon_Other.pdf,Other,,(b)(6) +42,42,(b)(6) 42,,1,1,https://drive.google.com/file/d/11W27I2G322SLOmBajRkqTGjfWDx4XdDK/view?usp=drivesdk
reredaction,125742-45_01-31-2022_Meeting Summary_Filing Me.pdf,Pfizer BLA,,(b)(6) +38,38,(b)(6) 38,,6,6,https://p1215data0612.s3.us-east-2.amazonaws.com/pdocs/multiple/p1215d-production-010224.zip
reredaction,125752_S3_M5_CRF_mrna-1273-p301-us3212066.pdf,Moderna BLA,M5,(b)(4) -32,-32,(b)(4) 10601; (b)(6) 2911,(b)(4) 10633; (b)(6) 2911,3151,3151,https://phmpt.org/wp-content/uploads/2024/05/125752_S3_M5_CRF_mrna-1273-p301-us3212066.pdf
reredaction,12_BLA 125742-0_07-01-2021_Memo_Filing Checklist_RPM.pdf,Other,,(b)(6) +32,32,(b)(6) 32; (b)(2) 4,(b)(2) 4,18,18,https://drive.google.com/file/d/1GyRsBFiUM0pb4xI8Gzg3rv9Ff32_8a8L/view?usp=drivesdk
reredaction,21A_BLA 125752-0_10-14-2021_Telecon_Other.pdf,Other,M5,(b)(6) +31,31,(b)(6) 34,(b)(6) 3,3,3,https://drive.google.com/file/d/1GdT5N0CWjPm4RhvapTLXQOxmkawhpVN_/view?usp=drivesdk
reredaction,70_BLA 125752-0_12-28-2021_Inspection Related_Inspect.pdf,Other,M5,(b)(6) +30,30,(b)(6) 30,,3,3,https://drive.google.com/file/d/1W-p48hEQ7yh5yv_zMt9xsIinp4Sty8Kp/view?usp=drivesdk
reredaction,27034_S24_M1_hcp-fact-1450-0-7-pi-lab-1457-0-7-annotated.pdf,Pfizer EUA,M1,(b)(6) +30,30,(b)(6) 30,,30,30,https://drive.google.com/file/d/1PoyiuXJgbAcK1TjrLNXMX4MI4p5Wfqt7/view?usp=drivesdk
reredaction,125742-45_08-02-2022_Memo_Committee Memo_Revie.pdf,Pfizer BLA,,(b)(6) +29,29,(b)(6) 29,,3,3,https://p1215data0612.s3.us-east-2.amazonaws.com/pdocs/multiple/p1215d-production-010224.zip
reredaction,107_1_BLA 125742-0_08-20-2021_Telecon_Labeling via FAX_e.pdf,Other,,(b)(6) +28,28,(b)(6) 28,,3,3,https://drive.google.com/file/d/1GCMBvKA7rTw8S4Mgi1pLi9xtQmo3VEr9/view?usp=drivesdk
reredaction,IND 019736_S434_IND 19736_11-12-2021_Telecon .pdf,Other,,(b)(6) +28,28,(b)(6) 30,(b)(6) 2,3,3,https://p1215data0612.s3.us-east-2.amazonaws.com/pdocs/multiple/p1215d-production-120423.zip
reredaction,125742-45_02-09-2022_Letter_Filing Notificatio.pdf,Pfizer BLA,,(b)(6) +28,28,(b)(6) 28,,3,3,https://p1215data0612.s3.us-east-2.amazonaws.com/pdocs/multiple/p1215d-production-010224.zip
reredaction,22_BLA 125752-0_10-15-2021_Letter_PNR Acceptance.pdf,Other,M5,(b)(6) +27,27,(b)(6) 27,,2,2,https://drive.google.com/file/d/1FGyLyp--c171GNYc5wkzGpHz-coeZeEv/view?usp=drivesdk
reredaction,55_BLA 125742-0_08-09-2021_Telecon_Advice.pdf,Other,,(b)(6) +27,27,(b)(6) 28; (b)(4) 20,(b)(4) 20; (b)(6) 1,5,5,https://drive.google.com/file/d/1xwESejWYIYpxvOWQljwMRWOygJpSloO8/view?usp=drivesdk
reredaction,125742-45_05-06-2022_Meeting Summary_Committee.pdf,Pfizer BLA,,(b)(6) +27,27,(b)(6) 27; (b)(5) 2,(b)(5) 2,7,7,https://p1215data0612.s3.us-east-2.amazonaws.com/pdocs/multiple/p1215d-production-010224.zip
reredaction,30_BLA 125752-0_10-29-2021_Telecon_Other.pdf,Other,M5,(b)(6) +26,26,(b)(6) 27,(b)(6) 1,637,637,https://drive.google.com/file/d/1HmdYSGtvai0Et3VDKoZNUDewl3mfLXu4/view?usp=drivesdk
reredaction,95_BLA 125742-0_08-19-2021_Memo_Compliance Check Acce.pdf,Other,,(b)(6) +26,26,(b)(4) 39; (b)(6) 26,(b)(4) 39,7,7,https://drive.google.com/file/d/1Iwprz0n6HPeaf0l0yPYFGlq-SPRCYGg5/view?usp=drivesdk
reredaction,125742-45_02-07-2022_Memo_Filing Checklist_RPM.pdf,Pfizer BLA,,(b)(6) +26,26,(b)(6) 28; (b)(2) 2,(b)(2) 2; (b)(6) 2,17,17,https://p1215data0612.s3.us-east-2.amazonaws.com/pdocs/multiple/p1215d-production-010224.zip
reredaction,67_3_BLA 125742-0_08-13-2021_Telecon_Information Reques.pdf,Other,,(b)(6) +23,23,(b)(6) 23,,3,3,https://drive.google.com/file/d/1ymZzVvOzbOloLABhYv_ucY3txWZxt_k4/view?usp=drivesdk
reredaction,21_BLA 125742-0_07-15-2021_Letter_Filing Notification.pdf,Other,,(b)(6) +22,22,(b)(6) 22,,3,3,https://drive.google.com/file/d/1ry7JwxsChB68nwNHH7T08XNAR0UO0n8b/view?usp=drivesdk
reredaction,28_BLA 125752-0_10-26-2021_Telecon_Information Reques.pdf,Other,M5,(b)(6) +22,22,(b)(6) 22,,3,3,https://drive.google.com/file/d/1aaqZ8l-eLPBUGZfKzeCGKfnCMGQOiGOV/view?usp=drivesdk
reredaction,125742-45_05-02-2022_Memo_Committee Memo_CMC.pdf,Pfizer BLA,,(b)(6) +22,22,(b)(6) 22; (b)(4) 3,(b)(4) 3,5,5,https://p1215data0612.s3.us-east-2.amazonaws.com/pdocs/multiple/p1215d-production-010224.zip
reredaction,77_BLA_125742-0_08-17-2021_Memo_Lot Release Clearance.pdf,Pfizer BLA,,(b)(6) +22,22,(b)(6) 22,,3,3,https://drive.google.com/file/d/1hRu3yeTUUSc0Wx7T9Hh60fh62pbyU2y4/view?usp=drivesdk
reredaction,93_BLA 125752-0_01-26-2022_Inspection Related_Inspect.pdf,Other,M5,(b)(6) +21,21,(b)(4) 58; (b)(6) 21; (b)(5) 10; (b)(7)(E) 10,(b)(4) 58; (b)(5) 10; (b)(7)(E) 10,7,7,https://drive.google.com/file/d/1BSFzeTcvjFewltZjEjkSk_3cFcoEcFHN/view?usp=drivesdk
reredaction,54_BLA 125742-0_08-09-2021_Inspection Related_Inspect.pdf.pdf,Other,,(b)(6) +20,20,(b)(4) 21; (b)(6) 20,(b)(4) 21,5,5,https://drive.google.com/file/d/1QYZSpudH_heSOL4QknFZCdQpypIWO97X/view?usp=drivesdk
reredaction,125742-45_01-19-2022_Telecon_Information Reque.pdf,Pfizer BLA,,(b)(6) +20,20,(b)(6) 24,(b)(6) 4,3,3,https://p1215data0612.s3.us-east-2.amazonaws.com/pdocs/multiple/p1215d-production-010224.zip
reredaction,125742-45_04-26-2022_Telecon_Information Reque.pdf,Pfizer BLA,,(b)(6) +20,20,(b)(6) 26,(b)(6) 6,2,2,https://p1215data0612.s3.us-east-2.amazonaws.com/pdocs/multiple/p1215d-production-010224.zip
reredaction,102A_BLA 125752-0_01-28-2022_Memo_Compliance Check Acce.pdf,Other,M5,(b)(6) +19,19,(b)(6) 19,,3,3,https://drive.google.com/file/d/1i97S-_2csp4jF_Mr1DCybbniuRdE7a_p/view?usp=drivesdk
reredaction,103A_BLA 125752-0_01-28-2022_Memo_Request For Complianc.pdf,Other,M5,(b)(6) +19,19,(b)(6) 19,,3,3,https://drive.google.com/file/d/1CH4kREmgrbBK-cUX1XZoVnW5DNt8kG1z/view?usp=drivesdk
reredaction,14_BLA 125742-0_07-02-2021_Telecon_Advice.pdf,Other,,(b)(6) +19,19,(b)(6) 19,,3,3,https://drive.google.com/file/d/1pGK6dMi2rfh0tiCTYEoCqFRTcrP5wxaL/view?usp=drivesdk
reredaction,26_BLA 125752-0_10-22-2021_Telecon_Information Reques.pdf,Other,M5,(b)(6) +19,19,(b)(6) 19,,3,3,https://drive.google.com/file/d/14VZeM982QO4g9SWoonkajpMDURyiHchS/view?usp=drivesdk
reredaction,34_2_BLA 125742-0_07-27-2021_Telecon_Information Reques.pdf,Other,,(b)(6) +19,19,(b)(6) 19,,3,3,https://drive.google.com/file/d/1jvbfCCfVirBkpGe_5MfYPFP-PGHLrKk0/view?usp=drivesdk
reredaction,86_BLA 125742-0_08-18-2021_Telecon_Advice.pdf,Other,,(b)(6) +19,19,(b)(4) 34; (b)(6) 20,(b)(4) 34; (b)(6) 1,4,4,https://drive.google.com/file/d/19nzOVDJIffji0Rl8tTNyVNOtLAPL4md5/view?usp=drivesdk
reredaction,87_3_BLA 125742-0_08-18-2021_Telecon_Information Reques.pdf,Other,,(b)(6) +19,19,(b)(6) 19; (b)(4) 1,(b)(4) 1,3,3,https://drive.google.com/file/d/1l84WMaM3s35eOQmynQ4fxYKmacUIud4M/view?usp=drivesdk
reredaction,97_1_BLA 125742-0_08-19-2021_Telecon_Information Reques.pdf,Other,,(b)(6) +19,19,(b)(6) 19,,3,3,https://drive.google.com/file/d/1puQqHf-EczEufw5LMfAS8c7J1i6lWRJG/view?usp=drivesdk
reredaction,125742-45_07-01-2022_Memo_Compliance Check Acc.pdf,Pfizer BLA,,(b)(6) +19,19,(b)(6) 19,,3,3,https://p1215data0612.s3.us-east-2.amazonaws.com/pdocs/multiple/p1215d-production-010224.zip
reredaction,43_2_BLA 125742-0_08-04-2021_Telecon_Information Reques.pdf,Other,,(b)(6) +18,18,(b)(6) 18; (b)(4) 18,(b)(4) 18,4,4,https://drive.google.com/file/d/1EKLGPkSV3fUGvd_8KMEICu5WEx0eFeE8/view?usp=drivesdk
reredaction,125742-45_02-07-2022_Memo_Filing Checklist_RPM_A.pdf,Pfizer BLA,,(b)(6) +18,18,(b)(6) 18,,1,1,https://p1215data0612.s3.us-east-2.amazonaws.com/pdocs/multiple/p1215d-production-010224.zip
reredaction,105_BLA 125742-0_08-20-2021_Telecon_Advice_Information.pdf,Other,,(b)(6) +17,17,(b)(6) 17; (b)(4) 2,(b)(4) 2,3,3,https://drive.google.com/file/d/1p2i8jSulPoBhbcf39kdok_dG-wh0xaM5/view?usp=drivesdk
reredaction,23_1_BLA 125742-0_07-15-2021_Telecon_Information Reques.pdf,Other,,(b)(6) +17,17,(b)(6) 17,,3,3,https://drive.google.com/file/d/18AXv1XHZ6n7LgXefhC9CUs1bZC1sFqC4/view?usp=drivesdk
reredaction,19_BLA 125752-0_10-14-2021_Letter_Filing Notification.pdf,Other,M5,(b)(6) +16,16,(b)(6) 16,,3,3,https://drive.google.com/file/d/1aUoqHPvE9Ih9ZHI3bAlWhHW-68mUiG9N/view?usp=drivesdk
reredaction,75_BLA 125752-0_01-05-2022_Memo_Lot Release Clearance.pdf,Other,M5,(b)(6) +16,16,(b)(6) 16,,3,3,https://drive.google.com/file/d/1iwN2T2RcRaGo_N2KZSgX87mde56rRWNq/view?usp=drivesdk
reredaction,89_BLA 125752-0_01-20-2022_Memo_Committee Memo_Review.pdf,Other,M5,(b)(6) +16,16,(b)(6) 16,,3,3,https://drive.google.com/file/d/1ew2izOg6Vi1TuahQwp6mSieKvozmYULU/view?usp=drivesdk
reredaction,84_BLA 125742-0_08-18-2021_Memo_Committee Memo_Review.pdf,Other,,(b)(6) +15,15,(b)(6) 15; (b)(4) 2,(b)(4) 2,3,3,https://drive.google.com/file/d/1HYIi2tXHBnSmmrtdHptNvPBNu_GWEbZD/view?usp=drivesdk
reredaction,125752_S25_M1_rsp-to-discu-pnts-moderna-fda-inspectn-25-29oct2021-norwood.pdf,Moderna BLA,M1,(b)(6) +14,14,(b)(4) 122; (b)(6) 59,(b)(4) 122; (b)(6) 45,52,52,https://drive.google.com/file/d/1CweCmhemQ5e8qRXBhjzVTh09lWxhdGu1/view?usp=drivesdk
reredaction,39_2_BLA 125742-0_08-02-2021_Telecon_Information Reques.pdf,Other,,(b)(6) +14,14,(b)(4) 21; (b)(6) 14,(b)(4) 21,3,3,https://drive.google.com/file/d/1QcNV9KfozxWKqX2WNBgyNyzbITyDCrFK/view?usp=drivesdk
reredaction,87_BLA 125752-0_01-18-2022_Memo_Test Results.pdf,Other,M5,(b)(6) +14,14,(b)(4) 47; (b)(6) 14,(b)(4) 47,2,2,https://drive.google.com/file/d/14bfWbeSGmLAs2lZU3R4X2EhCCFnjqa28/view?usp=drivesdk
reredaction,130_BLA _125742-0_09-01-2021_Committee Memo_Labeling.pdf,Pfizer BLA,,(b)(6) +14,14,(b)(6) 14,,6,6,https://drive.google.com/file/d/128PWSrLlNeAkj685TnG_C8HYXrzzWILT/view?usp=drivesdk
reredaction,103_2_BLA 125742-0_08-20-2021_Memo_Test Results.pdf,Other,,(b)(6) +13,13,(b)(4) 15; (b)(6) 13,(b)(4) 15,2,2,https://drive.google.com/file/d/1Mb2MOXdcrqfpOy3MgRoqJMmGFz9VZ1Ui/view?usp=drivesdk
reredaction,113_2_BLA 125742-0_08-21-2021_Telecon_Information Reques.pdf,Other,,(b)(6) +13,13,(b)(6) 13,,6,6,https://drive.google.com/file/d/1tkA-07-wS14xxtn4YZIpIa-ylkLt5rts/view?usp=drivesdk
reredaction,30C_BLA 125752-0_10-29-2021_Telecon_Other.pdf,Other,M5,(b)(6) +13,13,(b)(6) 14,(b)(6) 1,3,3,https://drive.google.com/file/d/1_WQPVXbkbuUAAK_HCkHOKHMCwudVfxT4/view?usp=drivesdk
reredaction,30D_BLA 125752-0_10-29-2021_Telecon_Other.pdf,Other,M5,(b)(6) +13,13,(b)(6) 14,(b)(6) 1,3,3,https://drive.google.com/file/d/1vVdmSZMbkcdbic9Tbw4D6VzXLgiNvP16/view?usp=drivesdk
reredaction,125742-45_05-13-2022_Memo_Lot Release Clearanc.pdf,Pfizer BLA,,(b)(6) +13,13,(b)(6) 13,,2,2,https://p1215data0612.s3.us-east-2.amazonaws.com/pdocs/multiple/p1215d-production-010224.zip
reredaction,125742-45_06-29-2022_Telecon_Labeling via FAX.pdf,Pfizer BLA,,(b)(6) +13,13,(b)(6) 15,(b)(6) 2,2,2,https://p1215data0612.s3.us-east-2.amazonaws.com/pdocs/multiple/p1215d-production-010224.zip
reredaction,8_1_BLA 125742-0_06-25-2021_Telecon_Information Reques.pdf,Other,,(b)(6) +12,12,(b)(6) 12; (b)(4) 9,(b)(4) 9,4,4,https://drive.google.com/file/d/1KazvtYPCoHib6nAryGezbmOthDDAQces/view?usp=drivesdk
reredaction,125742-45_01-25-2022_Telecon_Information Reque.pdf,Pfizer BLA,,(b)(6) +12,12,(b)(6) 14; (b)(4) 1,(b)(6) 2; (b)(4) 1,2,2,https://p1215data0612.s3.us-east-2.amazonaws.com/pdocs/multiple/p1215d-production-010224.zip
reredaction,125742-45_03-07-2022_Telecon_Information Reque.pdf,Pfizer BLA,,(b)(6) +12,12,(b)(6) 14,(b)(6) 2,2,2,https://p1215data0612.s3.us-east-2.amazonaws.com/pdocs/multiple/p1215d-production-010224.zip
reredaction,125742-45_04-20-2022_Telecon_Labeling Target C.pdf,Pfizer BLA,,(b)(6) +12,12,(b)(6) 14,(b)(6) 2,27,27,https://p1215data0612.s3.us-east-2.amazonaws.com/pdocs/multiple/p1215d-production-010224.zip
reredaction,100_BLA 125742-0_08-20-2021_Memo_Other.pdf,Other,,(b)(6) +11,11,(b)(6) 11; (b)(4) 6; (b)(5) 3; (b)(7)(E) 3,(b)(4) 6; (b)(5) 3; (b)(7)(E) 3,5,5,https://drive.google.com/file/d/1VpExKmVm6KqSNw1i29bsa51_6_nVReop/view?usp=drivesdk
reredaction,111_BLA 125742-0_08-21-2021_Telecon_Advice.pdf,Other,,(b)(6) +11,11,(b)(6) 11,,1,1,https://drive.google.com/file/d/1pkm9joFpQeLykGgKXF-vVuIrkFjTU5Wf/view?usp=drivesdk
reredaction,44_BLA 125752-0_11-24-2021_Telecon_Other.pdf,Other,M5,(b)(6) +11,11,(b)(6) 11,,2,2,https://drive.google.com/file/d/1-deUdAhV330e3FyYkFueCFR_dMw8jBrx/view?usp=drivesdk
reredaction,65_BLA 125742-0_08-13-2021_Memo_Request For Complianc.pdf,Other,,(b)(6) +11,11,(b)(4) 17; (b)(6) 11,(b)(4) 17,4,4,https://drive.google.com/file/d/1AQ6PwHENVeRZheLb9_lwANCLNZxAuK2h/view?usp=drivesdk
reredaction,6_BLA 125752-0_09-21-2021_Telecon_Advice.pdf,Other,M5,(b)(6) +11,11,(b)(6) 11,,2,2,https://drive.google.com/file/d/1y3PHSmb2Yo7cG8LxyacdfG_8D5dzqt16/view?usp=drivesdk
reredaction,125742-45_03-14-2022_Telecon_Information Reque.pdf,Pfizer BLA,,(b)(6) +11,11,(b)(6) 13,(b)(6) 2,2,2,https://p1215data0612.s3.us-east-2.amazonaws.com/pdocs/multiple/p1215d-production-010224.zip
reredaction,125742-45_04-08-2022_Telecon_Information Reque.pdf,Pfizer BLA,,(b)(6) +11,11,(b)(6) 13; (b)(4) 3,(b)(4) 3; (b)(6) 2,1,1,https://p1215data0612.s3.us-east-2.amazonaws.com/pdocs/multiple/p1215d-production-010224.zip
reredaction,125742-45_05-04-2022_Telecon_Information Reque.pdf,Pfizer BLA,,(b)(6) +11,11,(b)(6) 13,(b)(6) 2,2,2,https://p1215data0612.s3.us-east-2.amazonaws.com/pdocs/multiple/p1215d-production-010224.zip
reredaction,125742-45_05-10-2022_Telecon_Labeling via FAX.pdf,Pfizer BLA,,(b)(6) +11,11,(b)(6) 13,(b)(6) 2,29,29,https://p1215data0612.s3.us-east-2.amazonaws.com/pdocs/multiple/p1215d-production-010224.zip
reredaction,125742-45_05-11-2022_Memo_Lot Release Clearanc.pdf,Pfizer BLA,,(b)(6) +11,11,(b)(6) 11,,1,1,https://p1215data0612.s3.us-east-2.amazonaws.com/pdocs/multiple/p1215d-production-010224.zip
reredaction,27034_S5_M1_response-24-nov-2020.pdf,Pfizer EUA,M1,(b)(6) +11,11,(b)(6) 12; (b)(4) 3,(b)(4) 3; (b)(6) 1,28,28,https://drive.google.com/file/d/11cv1f-ILsqxosEC1h5ybJvFC0LqEmorO/view?usp=drivesdk
reredaction,100A_BLA 125742-0_08-20-2021_Memo_Other.pdf,Other,,(b)(6) +10,10,(b)(6) 10; (b)(4) 6; (b)(5) 3; (b)(7)(E) 3,(b)(4) 6; (b)(5) 3; (b)(7)(E) 3,5,5,https://drive.google.com/file/d/1YJQOMXaDeXe3l3UKTImahPXyDIDmmpvx/view?usp=drivesdk
reredaction,44_3_BLA 125742-0_08-04-2021_Telecon_Information Reques.pdf,Other,,(b)(6) +10,10,(b)(6) 10; (b)(4) 7,(b)(4) 7,2,2,https://drive.google.com/file/d/1ACcCibM7jnArVSyRP56twsZX1dIldcty/view?usp=drivesdk
reredaction,68_BLA 125752-0_12-23-2021_Telecon_Information Reques.pdf,Other,M5,(b)(6) +10,10,(b)(6) 10,,3,3,https://drive.google.com/file/d/1jVo8J94F02WKCB21l22DfbQYoG3SkQz8/view?usp=drivesdk
reredaction,125742-45_02-23-2022_Telecon_Information Reque.pdf,Pfizer BLA,,(b)(6) +10,10,(b)(6) 12,(b)(6) 2,2,2,https://p1215data0612.s3.us-east-2.amazonaws.com/pdocs/multiple/p1215d-production-010224.zip
reredaction,125742-45_04-20-2022_Telecon_Information Reque.pdf,Pfizer BLA,,(b)(6) +10,10,(b)(6) 12,(b)(6) 2,2,2,https://p1215data0612.s3.us-east-2.amazonaws.com/pdocs/multiple/p1215d-production-010224.zip
reredaction,125742-45_04-22-2022_Telecon_Information Reque.pdf,Pfizer BLA,,(b)(6) +10,10,(b)(6) 12,(b)(6) 2,2,2,https://p1215data0612.s3.us-east-2.amazonaws.com/pdocs/multiple/p1215d-production-010224.zip
reredaction,125742-45_06-13-2022_Telecon_Covid 19 Delay.pdf,Pfizer BLA,,(b)(6) +10,10,(b)(6) 11,(b)(6) 1,2,2,https://p1215data0612.s3.us-east-2.amazonaws.com/pdocs/multiple/p1215d-production-010224.zip
reredaction,125742_S66_M1_pp-cvv-usa-0357.pdf,Pfizer BLA,M1,(b)(6) +8; (b)(1) +2,10,(b)(1) 31; (b)(6) 8; (b)(2) 1,(b)(1) 29; (b)(2) 1,149,149,https://phmpt.org/wp-content/uploads/2023/08/125742_S66_M1_pp-cvv-usa-0357.pdf
reredaction,17_BLA 125742-0_07-06-2021_Telecon_Advice_PNR Accepta (2).pdf,Other,,(b)(6) +9,9,(b)(6) 9,,1,1,https://drive.google.com/file/d/11t8QhKHNjkSB_5ywyyM1U8KM9rSCp6k-/view?usp=drivesdk
reredaction,26_2_BLA 125742-0_07-16-2021_Telecon_Information Reques.pdf,Other,,(b)(6) +9,9,(b)(6) 9; (b)(4) 8,(b)(4) 8,1,1,https://drive.google.com/file/d/1GuJ-di-HgfKOz7dUyLR3VdNeoc-ac2dG/view?usp=drivesdk
reredaction,38_1_BLA 125742-0_08-02-2021_Telecon_Information Reques.pdf,Other,,(b)(6) +9,9,(b)(4) 38; (b)(6) 9,(b)(4) 38,4,4,https://drive.google.com/file/d/1Ztf-3ti4x6PpWxRBIif1ZwRlIZ5Cmrqj/view?usp=drivesdk
reredaction,41_1_BLA 125742-0_08-03-2021_Telecon_Information Reques.pdf,Other,,(b)(6) +9,9,(b)(6) 9,,2,2,https://drive.google.com/file/d/1pwRpj5d3jaw4Ay-Y7skRkcITBTkc4bJt/view?usp=drivesdk
reredaction,42_1_BLA 125742-0_08-04-2021_Telecon_Information Reques.pdf,Other,,(b)(6) +9,9,(b)(4) 20; (b)(6) 9,(b)(4) 20,3,3,https://drive.google.com/file/d/1lBDrfSK1QgxLudKWyyolQgLch-YmK4S1/view?usp=drivesdk
reredaction,46_2_BLA 125742-0_08-05-2021_Telecon_Information Reques.pdf,Other,,(b)(6) +9,9,(b)(4) 39; (b)(6) 9,(b)(4) 39,5,5,https://drive.google.com/file/d/1QIfAQQGXphF2sM_1cPhReya9_WTP7Eff/view?usp=drivesdk
reredaction,47_1_BLA 125742-0_08-05-2021_Telecon_Information Reques.pdf,Other,,(b)(6) +9,9,(b)(6) 9,,2,2,https://drive.google.com/file/d/10s8rzk7_KuXqZbTtF_AjUExHgJqHYIhI/view?usp=drivesdk
reredaction,48_BLA 125742-0_08-05-2021_Telecon_Labeling via FAX_e.pdf,Other,,(b)(6) +9,9,(b)(6) 9,,1,1,https://drive.google.com/file/d/141H-Y8HzCI5D_ohRXxx0WkTwus445nvA/view?usp=drivesdk
reredaction,4_PM_S89_BLA 125742-5_09-22-2021_Telecon_Advice.pdf,Other,,(b)(6) +9,9,(b)(6) 10,(b)(6) 1,2,2,https://drive.google.com/file/d/1IuJum_0poWrks3KzO3Nnsn5PKOhJqUFG/view?usp=drivesdk
reredaction,52_1_BLA 125742-0_08-06-2021_Telecon_Information Reques.pdf,Other,,(b)(6) +9,9,(b)(4) 11; (b)(6) 9,(b)(4) 11,2,2,https://drive.google.com/file/d/1hMSNkOLqo7ue6dnvRTEVFfSAaKi7EkVK/view?usp=drivesdk
reredaction,53_2_BLA 125742-0_08-06-2021_Telecon_Information Reques.pdf,Other,,(b)(6) +9,9,(b)(4) 25; (b)(6) 9,(b)(4) 25,2,2,https://drive.google.com/file/d/15TNvS_JiIYPquNMD9qFoMo9UNKwI_Toh/view?usp=drivesdk
reredaction,56_BLA 125742-0_08-09-2021_Telecon_Information Reques.pdf,Other,,(b)(6) +9,9,(b)(6) 9,,2,2,https://drive.google.com/file/d/1G3jvtL5zXR3ednes5-6EpPbrpuo6MLmA/view?usp=drivesdk
reredaction,57_BLA 125742-0_08-09-2021_Telecon_Labeling via FAX_e.pdf,Other,,(b)(6) +9,9,(b)(6) 9,,3,3,https://drive.google.com/file/d/1mU8bdPnF56eeTpfWe93_5ERzLT6Te4bc/view?usp=drivesdk
reredaction,58_2_BLA 125742-0_08-10-2021_Telecon_Information Reques.pdf,Other,,(b)(6) +9,9,(b)(6) 9; (b)(4) 1,(b)(4) 1,2,2,https://drive.google.com/file/d/1w4LEBi3qTr8NiYlEKNZ6ia-zbf9alNhH/view?usp=drivesdk
reredaction,5_BLA 125742-0_06-08-2021_Telecon_Information Reques.pdf,Other,,(b)(6) +9,9,(b)(6) 9,,2,2,https://drive.google.com/file/d/1oBVjZv6c_SxVYd_xCTvMuNhwi--QUA4i/view?usp=drivesdk
reredaction,66_4_BLA 125742-0_08-13-2021_Telecon_Information Reques.pdf,Other,,(b)(6) +9,9,(b)(4) 10; (b)(6) 9,(b)(4) 10,3,3,https://drive.google.com/file/d/1DP-4forOWRowFxHo8a5SjZbfxnt3YaFe/view?usp=drivesdk
reredaction,73_BLA 125752-0_01-04-2022_Memo_Test Results.pdf,Other,M5,(b)(6) +9,9,(b)(4) 22; (b)(6) 9,(b)(4) 22,3,3,https://drive.google.com/file/d/1GmxzM2jQz1QARR4F22bzXIeC3fwY1wZA/view?usp=drivesdk
reredaction,88_2_BLA 125742-0_08-18-2021_Telecon_Information Reques.pdf,Other,,(b)(6) +9,9,(b)(6) 9,,1,1,https://drive.google.com/file/d/1rlTiP9kNb9HabZ6ZqpMVtgXBCU6vxTPE/view?usp=drivesdk
reredaction,94_BLA 125752-0_01-26-2022_Memo_Other.pdf,Other,M5,(b)(6) +9,9,(b)(6) 9; (b)(1) 2; (b)(2) 1,(b)(1) 2; (b)(2) 1,4,4,https://drive.google.com/file/d/18CFt_ADU5_xjXXfnZv6WKNk8ScgySevk/view?usp=drivesdk
reredaction,9_PM_S105_BLA 125742-9_09-20-2021_Telecon_Advice.pdf,Other,,(b)(6) +9,9,(b)(6) 10,(b)(6) 1,1,1,https://drive.google.com/file/d/1ZpELgyC13y1SFgWSh4FEkAzPGwvsgjYG/view?usp=drivesdk
reredaction,125742-45_06-27-2022_Memo_Request For Complian.pdf,Pfizer BLA,,(b)(6) +9,9,(b)(6) 9,,2,2,https://p1215data0612.s3.us-east-2.amazonaws.com/pdocs/multiple/p1215d-production-010224.zip
reredaction,102D_BLA 125752-0_01-28-2022_Memo_Compliance Check Acce.pdf,Other,M5,(b)(6) +8,8,(b)(4) 9; (b)(6) 8,(b)(4) 9,3,3,https://drive.google.com/file/d/1cHcd3hruoFWH6nyxgBpu0Ep4DvFmCqDV/view?usp=drivesdk
reredaction,103D_BLA 125752-0_01-28-2022_Memo_Request For Complianc.pdf,Other,M5,(b)(6) +8,8,(b)(4) 9; (b)(6) 8,(b)(4) 9,3,3,https://drive.google.com/file/d/1pmjbwcEKyvQr00mHBtm2FAndRziBrAn9/view?usp=drivesdk
reredaction,106_2_BLA 125742-0_08-20-2021_Telecon_Labeling via FAX_e.pdf,Other,,(b)(6) +8,8,(b)(6) 8,,2,2,https://drive.google.com/file/d/171_aV4ld5nVN3e0ilFH4EtC-yeRaI-Te/view?usp=drivesdk
reredaction,107_BLA 125752-0_01-31-2022_Inspection Related_Inspect.pdf,Other,M5,(b)(6) +8,8,(b)(4) 8; (b)(6) 8,(b)(4) 8,3,3,https://drive.google.com/file/d/1RUhyHyRBtuFGT6GTDkN1iTEmKQljDUHp/view?usp=drivesdk
reredaction,107A_1_BLA 125742-0_08-20-2021_Telecon_Labeling via FAX_e.pdf,Other,,(b)(6) +8,8,(b)(6) 8,,2,2,https://drive.google.com/file/d/1BHGF6OQTqzaD_mcY6tzkMcAnTdiZWIpg/view?usp=drivesdk
reredaction,112_1_BLA 125742-0_08-21-2021_Telecon_Information Reques.pdf,Other,,(b)(6) +8,8,(b)(6) 8,,1,1,https://drive.google.com/file/d/1nGG8jCQXmCAQbyori23u_-h0QIgZRSPX/view?usp=drivesdk
reredaction,115_1_BLA 125742-0_08-21-2021_Telecon_Labeling via FAX_e.pdf,Other,,(b)(6) +8,8,(b)(6) 8,,1,1,https://drive.google.com/file/d/1bP_u5m_SpzV4WtHv-0AJ_-I04xCyZwBi/view?usp=drivesdk
reredaction,117_2_BLA 125742-0_08-22-2021_Inspection Related_Inspect.pdf,Other,,(b)(6) +8,8,(b)(6) 8; (b)(4) 2,(b)(4) 2,3,3,https://drive.google.com/file/d/16-QUAVo-2QbnlGj2BPZaRzPIDA1znKve/view?usp=drivesdk
reredaction,118_1_BLA 125742-0_08-22-2021_Inspection Related_Inspect.pdf,Other,,(b)(6) +8,8,(b)(6) 8; (b)(4) 3; (b)(5) 2; (b)(7)(E) 2,(b)(4) 3; (b)(5) 2; (b)(7)(E) 2,3,3,https://drive.google.com/file/d/1RXa7WL9DGwtK95h6bLX2gIE-HFPq1U-1/view?usp=drivesdk
reredaction,11_BLA 125742-0_06-29-2021_Telecon_Information Reques.pdf,Other,,(b)(6) +8,8,(b)(6) 8,,2,2,https://drive.google.com/file/d/12GCJjJR28U2GS4sAUBZMkMLqFFk1K7HV/view?usp=drivesdk
reredaction,122_BLA 125742-0_08-22-2021_Telecon_Labeling via FAX_e.pdf,Other,,(b)(6) +8,8,(b)(6) 8,,1,1,https://drive.google.com/file/d/1kSufHDWt3QdMMrkTYPobUygJCCRg4GRM/view?usp=drivesdk
reredaction,16_BLA 125742-0_07-06-2021_Telecon_Information Reques.pdf,Other,,(b)(6) +8,8,(b)(6) 8,,2,2,https://drive.google.com/file/d/1JT3g6hrhsRx3iAvg9Q82ubvRaRzanNk8/view?usp=drivesdk
reredaction,18_BLA 125742-0_07-09-2021_Telecon_Information Reques.pdf,Other,,(b)(6) +8,8,(b)(6) 8; (b)(4) 6,(b)(4) 6,2,2,https://drive.google.com/file/d/1K9n0wYlmBf6YjqIOxXe14M5fo58xF27U/view?usp=drivesdk
reredaction,18_BLA 125752-0_10-06-2021_Telecon_Information Reques.pdf,Other,M5,(b)(6) +8,8,(b)(4) 19; (b)(6) 8,(b)(4) 19,3,3,https://drive.google.com/file/d/1hBQa9j55VJ9jyKDdM_Jiuw_wn97HZgBH/view?usp=drivesdk
reredaction,19_2_BLA 125742-0_07-13-2021_Telecon_Information Reques.pdf,Other,,(b)(6) +8,8,(b)(6) 8,,1,1,https://drive.google.com/file/d/1A7CytYZ9O2xHFu78VVfR50ojnl4qaT1c/view?usp=drivesdk
reredaction,20_1_BLA 125742-0_07-13-2021_Telecon_Information Reques.pdf,Other,,(b)(6) +8,8,(b)(6) 8,,2,2,https://drive.google.com/file/d/1Lh9z2bRB3so2C6GgeXiGulIthTJWQ2i6/view?usp=drivesdk
reredaction,24_2_BLA 125742-0_07-15-2021_Telecon_Information Reques.pdf,Other,,(b)(6) +8,8,(b)(6) 8,,2,2,https://drive.google.com/file/d/19du1ZUkMJb2kmAayLMMWx2g9ySqGe2ic/view?usp=drivesdk
reredaction,25_1_BLA 125742-0_07-16-2021_Telecon_Information Reques.pdf,Other,,(b)(6) +8,8,(b)(6) 8,,2,2,https://drive.google.com/file/d/10aGGO0KGKw6V_bUtOvVVV8WFhWzfNnNq/view?usp=drivesdk
reredaction,27_BLA 125742-0_07-19-2021_Telecon_Advice.pdf,Other,,(b)(6) +8,8,(b)(6) 8,,1,1,https://drive.google.com/file/d/1oguGk4FDZVST_gBYGCSz1ddx5HDWQTPS/view?usp=drivesdk
reredaction,29_BLA 125742-0_07-20-2021_Telecon_Information Reques.pdf,Other,,(b)(6) +8,8,(b)(6) 8,,1,1,https://drive.google.com/file/d/1Ts46gJOZ3enGoXg8Jywc_sAEz0IcBswO/view?usp=drivesdk
reredaction,30_BLA 125742-0_07-22-2021_Telecon_Information Reques.pdf,Other,,(b)(6) +8,8,(b)(6) 8,,1,1,https://drive.google.com/file/d/18GS7cbnlRqXxsLXt3mzDmdy0JfZ-nCzm/view?usp=drivesdk
reredaction,31_2_BLA 125742-0_07-26-2021_Telecon_Information Reques.pdf,Other,,(b)(6) +8,8,(b)(6) 8,,2,2,https://drive.google.com/file/d/10PZb1oeTyJLsqN0ML4zlJaTkVTgqRmX8/view?usp=drivesdk
reredaction,32_1_BLA 125742-0_07-26-2021_Telecon_Information Reques.pdf,Other,,(b)(6) +8,8,(b)(4) 53; (b)(6) 8,(b)(4) 53,4,4,https://drive.google.com/file/d/1MnrUPCk4z_dt-nj73lydTiy8VdoAcUqk/view?usp=drivesdk
reredaction,33_1_BLA 125742-0_07-27-2021_Telecon_Information Reques.pdf,Other,,(b)(6) +8,8,(b)(6) 8,,2,2,https://drive.google.com/file/d/1MoTx00WqDH66rJjVHMnXOMioKztS_RuU/view?usp=drivesdk
reredaction,35_BLA 125742-0_07-28-2021_Telecon_Information Reques.pdf,Other,,(b)(6) +8,8,(b)(6) 8,,2,2,https://drive.google.com/file/d/1XLvSnW0jebPs3gAHQ77-uoeMREa9By5-/view?usp=drivesdk
reredaction,36_BLA 125742-0_07-28-2021_Telecon_Labeling Target Cl.pdf,Other,,(b)(6) +8,8,(b)(6) 8,,1,1,https://drive.google.com/file/d/18d48_CqR0vlun1GxutzFXKA_At3fR1DY/view?usp=drivesdk
reredaction,37_BLA 125742-0_07-29-2021_Telecon_Information Reques.pdf,Other,,(b)(6) +8,8,(b)(6) 8,,1,1,https://drive.google.com/file/d/1PyHuZUK4iYK5PJKs54ww8V9IU_PZhzP9/view?usp=drivesdk
reredaction,3_BLA 125742-0_05-20-2021_Telecon_Information Reques.pdf,Other,,(b)(6) +8,8,(b)(6) 8; (b)(4) 3,(b)(4) 3,2,2,https://drive.google.com/file/d/13HwelazFnzHgSUjby2drK5YONdDCBvhD/view?usp=drivesdk
reredaction,40_2_BLA 125742-0_08-03-2021_Telecon_Information Reques.pdf,Other,,(b)(6) +8,8,(b)(4) 24; (b)(6) 8,(b)(4) 24,3,3,https://drive.google.com/file/d/1ao1fYcW2NAUI7bN90bFb994pKtn9GAN6/view?usp=drivesdk
reredaction,45_BLA 125742-0_08-05-2021_Telecon_Advice.pdf,Other,,(b)(6) +8,8,(b)(6) 8,,1,1,https://drive.google.com/file/d/1_eFnxnl0EuBAjCZw0lQ9fZrqKsc6KAxj/view?usp=drivesdk
reredaction,49_BLA 125742-0_08-06-2021_Letter_UNII Code Notificat.pdf,Other,,(b)(6) +8,8,(b)(6) 8,,3,3,https://drive.google.com/file/d/1NWM_GebVQQegfNFyzQlDVijIq5f0myrq/view?usp=drivesdk
reredaction,59_1_BLA 125742-0_08-10-2021_Telecon_Information Reques.pdf,Other,,(b)(6) +8,8,(b)(6) 8,,3,3,https://drive.google.com/file/d/19XF2h4RpMdEg7H0WubeQT-7V2pNti90a/view?usp=drivesdk
reredaction,67_BLA 125752-0_12-23-2021_Telecon_Information Reques.pdf,Other,M5,(b)(6) +8,8,(b)(6) 8; (b)(4) 2,(b)(4) 2,1,1,https://drive.google.com/file/d/1ouzN_W0yPgYNjxy0oy6AT0UBp_mgr8KQ/view?usp=drivesdk
reredaction,68_5_BLA 125742-0_08-13-2021_Telecon_Information Reques.pdf,Other,,(b)(6) +8,8,(b)(6) 8,,2,2,https://drive.google.com/file/d/12mUEyu751nMVumB9gDM3u-oiOl-n0iYl/view?usp=drivesdk
reredaction,69_1_BLA 125742-0_08-13-2021_Telecon_Information Reques.pdf,Other,,(b)(6) +8,8,(b)(6) 8,,4,4,https://drive.google.com/file/d/1RlLYHTqdAr4_f5A11LzyRC02LXz94pr_/view?usp=drivesdk
reredaction,6_BLA 125742-0_06-09-2021_Telecon_Information Reques.pdf,Other,,(b)(6) +8,8,(b)(6) 8,,1,1,https://drive.google.com/file/d/1VeVemoVub0C12U7x4n5EQHC1VXSpLxZO/view?usp=drivesdk
reredaction,89_1_BLA 125742-0_08-18-2021_Telecon_Information Reques.pdf,Other,,(b)(6) +8,8,(b)(4) 11; (b)(6) 8,(b)(4) 11,2,2,https://drive.google.com/file/d/1vy5LfnQ8kOBFynjCwxisOP5oIIy07SZp/view?usp=drivesdk
reredaction,8_PM_S102_BLA 125742-8_09-29-2021_Telecon_Other.pdf,Other,,(b)(6) +8,8,(b)(6) 8,,2,2,https://drive.google.com/file/d/1LpmM23_R6dm7UnxbJqEOZLag59J0X4c7/view?usp=drivesdk
reredaction,90_1_BLA 125742-0_08-18-2021_Telecon_Labeling via FAX_e.pdf,Other,,(b)(6) +8,8,(b)(6) 8,,2,2,https://drive.google.com/file/d/1DSehPjKNNfX8JaGJMYa7uunUghMZ55e0/view?usp=drivesdk
reredaction,98_BLA 125742-0_08-19-2021_Telecon_Labeling via FAX_e.pdf,Other,,(b)(6) +8,8,(b)(6) 8,,1,1,https://drive.google.com/file/d/1OSjgIhsdg0mtDZVLLkSm60KtsD32GOv6/view?usp=drivesdk
reredaction,9_2_BLA 125742-0_06-25-2021_Telecon_Information Reques.pdf,Other,,(b)(6) +8,8,(b)(6) 8,,5,5,https://drive.google.com/file/d/1xJ6Pj7Q8q8V2AewbUc_1neaCNZfoPLrM/view?usp=drivesdk
reredaction,125742-45_08-02-2022_Memo_Committee Memo_Label.pdf,Pfizer BLA,,(b)(6) +8,8,(b)(6) 8,,2,2,https://p1215data0612.s3.us-east-2.amazonaws.com/pdocs/multiple/p1215d-production-010224.zip
reredaction,125752_S50_M1_mtng-mins-fda-tc-lots-20jan2022.pdf,Moderna BLA,M1,(b)(6) +7,7,(b)(6) 8; (b)(4) 2,(b)(4) 2; (b)(6) 1,1,1,https://phmpt.org/wp-content/uploads/2024/01/125752_S50_M1_mtng-mins-fda-tc-lots-20jan2022.pdf
reredaction,104_BLA 125742-0_08-20-2021_Telecon_Information Reques.pdf,Other,,(b)(6) +7,7,(b)(6) 7,,1,1,https://drive.google.com/file/d/1bP6YZHR6Cqlni-2tLlk2Rbwu1B6w5yji/view?usp=drivesdk
reredaction,10_BLA 125752-0_09-24-2021_Telecon_Information Reques.pdf,Other,M5,(b)(6) +7,7,(b)(6) 7,,6,6,https://drive.google.com/file/d/1xRCMwhMBjdZAG0uNiU674I90THzlnctq/view?usp=drivesdk
reredaction,114_2_BLA 125742-0_08-21-2021_Telecon_Labeling via FAX_e.pdf,Other,,(b)(6) +7,7,(b)(6) 7,,1,1,https://drive.google.com/file/d/1pBAhMVcaY9QOOfcqS8U9oao4-QPLPimB/view?usp=drivesdk
reredaction,15_BLA 125742-0_07-02-2021_Telecon_Information Reques.pdf,Other,,(b)(6) +7,7,(b)(4) 41; (b)(6) 7,(b)(4) 41,4,4,https://drive.google.com/file/d/1Z4VAaDpWhOKXEbTeJ5DuO7jFReggyJfu/view?usp=drivesdk
reredaction,1_PM_S85_BLA 125742-4_09-30-2021_Telecon_Advice.pdf,Other,,(b)(6) +7,7,(b)(6) 7,,2,2,https://drive.google.com/file/d/1lLENqSVq5POF7LcGE-0uJ58aKvBqOkPa/view?usp=drivesdk
reredaction,24_BLA 125752-0_10-20-2021_Telecon_Information Reques.pdf,Other,M5,(b)(6) +7,7,(b)(4) 7; (b)(6) 7,(b)(4) 7,2,2,https://drive.google.com/file/d/1Bb2YqXcqAuDMS6C8jbs8CypSm7O2j5pj/view?usp=drivesdk
reredaction,25_BLA 125752-0_10-21-2021_Telecon_Information Reques.pdf,Other,M5,(b)(6) +7,7,(b)(6) 7; (b)(4) 3,(b)(4) 3,1,1,https://drive.google.com/file/d/1eLxI9KRc7dkzQYSzL560mGrYrFwHF6HS/view?usp=drivesdk
reredaction,27_BLA 125752-0_10-22-2021_Telecon_Information Reques.pdf,Other,M5,(b)(6) +7,7,(b)(4) 32; (b)(6) 7,(b)(4) 32,3,3,https://drive.google.com/file/d/10Q-RQWYt3M-3cYlSKXWHTf_WT7vQbDHt/view?usp=drivesdk
reredaction,31_BLA 125752-0_11-01-2021_Telecon_Information Reques.pdf,Other,M5,(b)(6) +7,7,(b)(4) 8; (b)(6) 7,(b)(4) 8,4,4,https://drive.google.com/file/d/16_-jXeESSFheAHgK_IS8k250jPV3O48o/view?usp=drivesdk
reredaction,32_BLA 125752-0_11-01-2021_Telecon_Information Reques.pdf,Other,M5,(b)(6) +7,7,(b)(6) 7,,1,1,https://drive.google.com/file/d/1p8628apqqbQJamDLWyFt-iyp9BDoBJa7/view?usp=drivesdk
reredaction,33_BLA 125752-0_11-03-2021_Telecon_Information Reques.pdf,Other,M5,(b)(6) +7,7,(b)(6) 7,,3,3,https://drive.google.com/file/d/12H2V35xE1JRvWzJT-vXMoHodkcKNrvn7/view?usp=drivesdk
reredaction,35_BLA 125752-0_11-05-2021_Telecon_Information Reques.pdf,Other,M5,(b)(6) +7,7,(b)(6) 7,,2,2,https://drive.google.com/file/d/1PaahcyBY9sMoJFPmt5wFqxvDsZ5-0AWU/view?usp=drivesdk
reredaction,36_BLA 125752-0_11-05-2021_Telecon_Information Reques.pdf,Other,M5,(b)(6) +7,7,(b)(6) 7,,1,1,https://drive.google.com/file/d/15yC9vtyL3--lzdsBYAYtCg0JxBPDfKsY/view?usp=drivesdk
reredaction,37_BLA 125752-0_11-10-2021_Telecon_Information Reques.pdf,Other,M5,(b)(6) +7,7,(b)(4) 14; (b)(6) 7,(b)(4) 14,5,5,https://drive.google.com/file/d/11d_TxAA-_rMjULsu5sKYH-mZd_bo2Vp3/view?usp=drivesdk
reredaction,38_BLA 125752-0_11-10-2021_Telecon_Information Reques.pdf,Other,M5,(b)(6) +7,7,(b)(6) 7,,2,2,https://drive.google.com/file/d/18g4q9MZ4dGl3XIpLGJpLitH9_3Zkql6R/view?usp=drivesdk
reredaction,39_BLA 125752-0_11-12-2021_Telecon_Information Reques.pdf,Other,M5,(b)(6) +7,7,(b)(6) 7,,2,2,https://drive.google.com/file/d/1NCD4ncunN-VrxVuutryrtWGOqijeBcsg/view?usp=drivesdk
reredaction,3_PM_S89_BLA 125742-5_09-21-2021_Telecon_Other.pdf,Other,,(b)(6) +7,7,(b)(6) 7,,1,1,https://drive.google.com/file/d/1etbKArbBmiwbp52GuSvtuTXwtUNWlab5/view?usp=drivesdk
reredaction,42_BLA 125752-0_11-19-2021_Telecon_Advice.pdf,Other,M5,(b)(6) +7,7,(b)(6) 7,,3,3,https://drive.google.com/file/d/1bZ7gefvf0vuJEK5yZJtiJAA_Q0XS95mJ/view?usp=drivesdk
reredaction,43_BLA 125752-0_11-19-2021_Telecon_Information Reques.pdf,Other,M5,(b)(6) +7,7,(b)(6) 7,,2,2,https://drive.google.com/file/d/1hlMsCXILmqNPYnF55GwheX-t7JjcOlXd/view?usp=drivesdk
reredaction,45_BLA 125752-0_11-29-2021_Telecon_Information Reques.pdf,Other,M5,(b)(6) +7,7,(b)(6) 7,,2,2,https://drive.google.com/file/d/1AVcue0lAfXrwFS87v1_hrnVcMd9IMZjE/view?usp=drivesdk
reredaction,46_BLA 125752-0_11-29-2021_Telecon_Information Reques.pdf,Other,M5,(b)(6) +7,7,(b)(4) 29; (b)(6) 7,(b)(4) 29,2,2,https://drive.google.com/file/d/1zEkCpFGPpkQq8d1l8356OcfLFpDuPKT2/view?usp=drivesdk
reredaction,47_BLA 125752-0_12-01-2021_Telecon_Information Reques.pdf,Other,M5,(b)(6) +7,7,(b)(4) 8; (b)(6) 7,(b)(4) 8,2,2,https://drive.google.com/file/d/1BbP4mVCbBdN8yW0d-Usiu0ilFyCpnTsh/view?usp=drivesdk
reredaction,49_BLA 125752-0_12-06-2021_Telecon_Information Reques.pdf,Other,M5,(b)(6) +7,7,(b)(6) 7,,6,6,https://drive.google.com/file/d/12trFjQMHjjcKpAyR-tq-53eLzQlluTU5/view?usp=drivesdk
reredaction,4_BLA 125752-0_09-14-2021_Telecon_Information Reques.pdf,Other,M5,(b)(6) +7,7,(b)(6) 7,,2,2,https://drive.google.com/file/d/1bARzTPVfjnFOVWh7OLtT9UL3qmPod9An/view?usp=drivesdk
reredaction,50_BLA 125752-0_12-07-2021_Telecon_Information Reques.pdf,Other,M5,(b)(6) +7,7,(b)(6) 7; (b)(4) 7,(b)(4) 7,5,5,https://drive.google.com/file/d/1TMuZT2AwBohOOTdFGGYvNBzXa2IkyUiZ/view?usp=drivesdk
reredaction,52_BLA 125752-0_12-09-2021_Telecon_Information Reques.pdf,Other,M5,(b)(6) +7,7,(b)(4) 16; (b)(6) 7,(b)(4) 16,2,2,https://drive.google.com/file/d/16tAjRqMU_oOJ9eBgI0bfVEuMVnA9j-Rh/view?usp=drivesdk
reredaction,53_BLA 125752-0_12-10-2021_Telecon_Information Reques.pdf,Other,M5,(b)(6) +7,7,(b)(6) 7; (b)(4) 2,(b)(4) 2,2,2,https://drive.google.com/file/d/16ziSBLquyfu1p9S0-Oo65EYjg13mUB8c/view?usp=drivesdk
reredaction,55_BLA 125752-0_12-10-2021_Telecon_Information Reques.pdf,Other,M5,(b)(6) +7,7,(b)(6) 7,,3,3,https://drive.google.com/file/d/1GP0dJ6W5XmV3blmPvQptzJHjrLxB07ir/view?usp=drivesdk
reredaction,56_BLA 125752-0_12-10-2021_Telecon_Information Reques.pdf,Other,M5,(b)(6) +7,7,(b)(6) 7,,2,2,https://drive.google.com/file/d/1wlgbN6vDVRn8lOFnUD4S2Q9C0lP40uQ8/view?usp=drivesdk
reredaction,5_BLA 125752-0_09-17-2021_Telecon_Information Reques.pdf,Other,M5,(b)(6) +7,7,(b)(6) 7,,3,3,https://drive.google.com/file/d/1BPrVittcgBisVXqxGiJkeeC_HLUkwTcs/view?usp=drivesdk
reredaction,60_BLA 125742-0_08-11-2021_Telecon_Information Reques.pdf,Other,,(b)(6) +7,7,(b)(6) 7,,2,2,https://drive.google.com/file/d/11tERPjdn2Uz46ZfRANRHPzThcFV639n7/view?usp=drivesdk
reredaction,61_BLA 125752-0_12-16-2021_Telecon_Information Reques.pdf,Other,M5,(b)(6) +7,7,(b)(6) 7,,2,2,https://drive.google.com/file/d/1X_rswtJQYH88aW7ry7ktOD3w3iCHHVvH/view?usp=drivesdk
reredaction,62_BLA 125752-0_12-16-2021_Telecon_Information Reques.pdf,Other,M5,(b)(6) +7,7,(b)(4) 39; (b)(6) 7,(b)(4) 39,2,2,https://drive.google.com/file/d/1-EXeNUvsADJIRYF2v77_vx8LTnneCCYh/view?usp=drivesdk
reredaction,63_BLA 125752-0_12-16-2021_Telecon_Information Reques.pdf,Other,M5,(b)(6) +7,7,(b)(4) 17; (b)(6) 7,(b)(4) 17,2,2,https://drive.google.com/file/d/1LBU3IE9oQX6qo1WB8h7LSC7L2DPume9r/view?usp=drivesdk
reredaction,64_BLA 125752-0_12-16-2021_Telecon_Information Reques.pdf,Other,M5,(b)(6) +7,7,(b)(6) 7,,2,2,https://drive.google.com/file/d/1L18AFNGklaOilA0-o5szrDfGMoiGPUUe/view?usp=drivesdk
reredaction,65_BLA 125752-0_12-17-2021_Telecon_Information Reques.pdf,Other,M5,(b)(6) +7,7,(b)(6) 7,,2,2,https://drive.google.com/file/d/1X3QanZ23VIVtBW-5CsQOfv_f3A-oTEsI/view?usp=drivesdk
reredaction,66_BLA 125752-0_12-21-2021_Telecon_Information Reques.pdf,Other,M5,(b)(6) +7,7,(b)(6) 7; (b)(4) 2,(b)(4) 2,2,2,https://drive.google.com/file/d/13rPMeHoBTj09xdLsSFWwiHHgE3vZVwai/view?usp=drivesdk
reredaction,70_2_BLA 125742-0_08-13-2021_Telecon_Information Reques.pdf,Other,,(b)(6) +7,7,(b)(6) 7,,3,3,https://drive.google.com/file/d/1YERpDiq1fmW4pcyjunakSBq_m7Kayqs1/view?usp=drivesdk
reredaction,71_6_BLA 125742-0_08-13-2021_Telecon_Information Reques.pdf,Other,,(b)(6) +7,7,(b)(6) 7,,2,2,https://drive.google.com/file/d/1JndSqsIIpgrAA84vXKEb4cjVFvNhvETl/view?usp=drivesdk
reredaction,72_BLA 125742-0_08-13-2021_Telecon_Labeling via FAX_e.pdf,Other,,(b)(6) +7,7,(b)(6) 7,,2,2,https://drive.google.com/file/d/1JLzkbRM0hd4_DM2iPw5CrDg_HQydvN4w/view?usp=drivesdk
reredaction,73_2_BLA 125742-0_08-16-2021_Telecon_Information Reques.pdf,Other,,(b)(6) +7,7,(b)(6) 7,,2,2,https://drive.google.com/file/d/1qyVb5CX0cKzTI5EBmVvzi3MiiDCZA1_l/view?usp=drivesdk
reredaction,79_3_BLA 125742-0_08-17-2021_Telecon_Information Reques.pdf,Other,,(b)(6) +7,7,(b)(6) 7,,2,2,https://drive.google.com/file/d/1WVo2mrCGBkEUrDrRpv95xrM0FuZ7X3an/view?usp=drivesdk
reredaction,79_BLA 125752-0_01-11-2022_Telecon_Advice.pdf,Other,M5,(b)(6) +7,7,(b)(6) 7,,2,2,https://drive.google.com/file/d/1VhJ0lixM22VT0CfUt0XUH-XmYS8CdPI7/view?usp=drivesdk
reredaction,7_BLA 125752-0_09-22-2021_Telecon_Information Reques.pdf,Other,M5,(b)(6) +7,7,(b)(6) 7; (b)(4) 2,(b)(4) 2,2,2,https://drive.google.com/file/d/13IwXwqFwjyvAV3pFEJ2eOlbEzXJkT_ib/view?usp=drivesdk
reredaction,7_PM_S102_BLA 125742-8_09-29-2021_Letter_Waiver Request.pdf,Other,,(b)(6) +7,7,(b)(6) 7,,3,3,https://drive.google.com/file/d/1tsY9OzY9vLUHBz1c-i2L1OAaCJM3THD-/view?usp=drivesdk
reredaction,80_2_BLA 125742-0_08-17-2021_Telecon_Information Reques.pdf,Other,,(b)(6) +7,7,(b)(6) 7,,2,2,https://drive.google.com/file/d/1uvWR6coDjm040joq6HIeNaBM93bQV09_/view?usp=drivesdk
reredaction,80_BLA 125752-0_01-12-2022_Telecon_Information Reques.pdf,Other,M5,(b)(6) +7,7,(b)(6) 7,,2,2,https://drive.google.com/file/d/138yl_w_sk5Qg6Xy5MH3EhvZk8DsSCM8R/view?usp=drivesdk
reredaction,81_1_BLA 125742-0_08-17-2021_Telecon_Information Reques.pdf,Other,,(b)(6) +7,7,(b)(4) 11; (b)(6) 7,(b)(4) 11,2,2,https://drive.google.com/file/d/1lQohZSLU6SWHXSFaevpj0wyCZ3r7TGQ8/view?usp=drivesdk
reredaction,82_BLA 125742-0_08-17-2021_Telecon_Labeling via FAX_e.pdf,Other,,(b)(6) +7,7,(b)(6) 7,,1,1,https://drive.google.com/file/d/1GkzQldrm16N5AoHmHhhc623EBwMQtLbQ/view?usp=drivesdk
reredaction,84_BLA 125752-0_01-13-2022_Telecon_Information Reques.pdf,Other,M5,(b)(6) +7,7,(b)(6) 7,,2,2,https://drive.google.com/file/d/1p-CDqdVGv_tdzXapK2WXi_UJtsCwp0ML/view?usp=drivesdk
reredaction,85_BLA 125752-0_01-14-2022_Telecon_Information Reques.pdf,Other,M5,(b)(6) +7,7,(b)(6) 7; (b)(4) 4,(b)(4) 4,2,2,https://drive.google.com/file/d/170e_oMIFkfENjxy2mkZlv-GR1VaZg9Bd/view?usp=drivesdk
reredaction,90_BLA 125752-0_01-20-2022_Telecon_Other.pdf,Other,M5,(b)(6) +7,7,(b)(6) 8,(b)(6) 1,1,1,https://drive.google.com/file/d/1QgZ4KGHXW8t-fgQ1mv-bvr5_AT1WkAee/view?usp=drivesdk
reredaction,91_2_BLA 125742-0_08-18-2021_Telecon_Labeling via FAX_e.pdf,Other,,(b)(6) +7,7,(b)(6) 7,,2,2,https://drive.google.com/file/d/13PQCiwrj8VeU9j7y14tH1T0LxnrwZzUo/view?usp=drivesdk
reredaction,95_BLA 125752-0_01-26-2022_Telecon_Information Reques.pdf,Other,M5,(b)(6) +7,7,(b)(6) 7,,1,1,https://drive.google.com/file/d/1QfiMUMZzho4Bhy9SlL9DkddBvZs_4nI9/view?usp=drivesdk
reredaction,96_2_BLA 125742-0_08-19-2021_Telecon_Information Reques.pdf,Other,,(b)(6) +7,7,(b)(6) 7,,2,2,https://drive.google.com/file/d/1qiCA6eBeQ745XCznOWhCiglMUHhRPnoN/view?usp=drivesdk
reredaction,9_BLA 125752-0_09-23-2021_Telecon_Information Reques.pdf,Other,M5,(b)(6) +7,7,(b)(6) 7,,1,1,https://drive.google.com/file/d/1M3kDCLU5h9U7bAzJxDL1GOHOUXF_dJ23/view?usp=drivesdk
reredaction,125742-45_01-05-2022_Letter_Acknowledgement Le.pdf,Pfizer BLA,,(b)(6) +7,7,(b)(6) 7,,2,2,https://p1215data0612.s3.us-east-2.amazonaws.com/pdocs/multiple/p1215d-production-010224.zip
reredaction,125742-45_05-19-2022_Memo_Committee Memo_Postm.pdf,Pfizer BLA,,(b)(6) +7,7,(b)(6) 7,,5,5,https://p1215data0612.s3.us-east-2.amazonaws.com/pdocs/multiple/p1215d-production-010224.zip
reredaction,125752_S10_M5_CRF_mrna-1273-p301-us3522299.pdf,Moderna BLA,M5,(b)(4) +3; (b)(6) +3,6,(b)(4) 6331; (b)(6) 2927,(b)(4) 6328; (b)(6) 2924,2416,2416,https://phmpt.org/wp-content/uploads/2024/05/125752_S10_M5_CRF_mrna-1273-p301-us3522299.pdf
reredaction,125752_S3_M5_CRF_mrna-1273-p301-us3212100.pdf,Moderna BLA,M5,(b)(4) -8; (b)(6) +2,-6,(b)(4) 5658; (b)(6) 1423,(b)(4) 5666; (b)(6) 1421,2540,2540,https://phmpt.org/wp-content/uploads/2024/05/125752_S3_M5_CRF_mrna-1273-p301-us3212100.pdf
reredaction,125752_S5007_M1_11511_req-adv-comm-launch-consumer-promot-labelling.pdf,Moderna BLA,M1,(b)(6) +6,6,(b)(6) 7,(b)(6) 1,1,1,https://drive.google.com/file/d/1wpKLYPNeDs5uD3T2LOTP7BDKmUdR-XHP/view?usp=drivesdk
reredaction,102_1_BLA 125742-0_08-20-2021_Memo_Test Results.pdf,Other,,(b)(6) +6,6,(b)(4) 20; (b)(6) 6,(b)(4) 20,2,2,https://drive.google.com/file/d/1Yvh8-wi2SUHqv2Ooblk8gmDC4Cfsl-hY/view?usp=drivesdk
reredaction,103_BLA 125752-0_01-28-2022_Memo_Request For Complianc.pdf,Other,M5,(b)(6) +6,6,(b)(6) 6,,3,3,https://drive.google.com/file/d/1EwpY_-6MWdM5PxQvenxXDWbVsxznQCu6/view?usp=drivesdk
reredaction,10_BLA 125742-11_12-22-2021_Memo_Committee Memo_CMC.pdf,Other,,(b)(6) +6,6,(b)(4) 27; (b)(6) 6,(b)(4) 27,2,2,https://drive.google.com/file/d/1yogm5nxQGLZsrMM10UWA9RoR8SsDmkyH/view?usp=drivesdk
reredaction,112_BLA 125752-0_01-31-2022_Memo_Other.pdf,Other,M5,(b)(6) +6,6,(b)(6) 6,,2,2,https://drive.google.com/file/d/14TJ9DvMZZriWul-42eUtbUyPWzc_x0_i/view?usp=drivesdk
reredaction,15_BLA 125752-0_09-28-2021_Telecon_Information Reques.pdf,Other,M5,(b)(6) +6,6,(b)(6) 6; (b)(4) 6,(b)(4) 6,4,4,https://drive.google.com/file/d/1TcwZjVc7xpl6J-LXPU8DlakUxQyalIZe/view?usp=drivesdk
reredaction,17_BLA 125752-0_10-05-2021_Telecon_Information Reques.pdf,Other,M5,(b)(6) +6,6,(b)(4) 13; (b)(6) 6,(b)(4) 13,3,3,https://drive.google.com/file/d/14Wq7aFs5DkIYxMT0_1oVcG7n2MQw6Lzc/view?usp=drivesdk
reredaction,20_BLA 125752-0_10-14-2021_Telecon_Information Reques.pdf,Other,M5,(b)(6) +6,6,(b)(6) 6; (b)(4) 5,(b)(4) 5,2,2,https://drive.google.com/file/d/17wfzaPFon8BAc00qVzBvARIPDfUG7c9J/view?usp=drivesdk
reredaction,40_BLA 125752-0_11-15-2021_Telecon_Information Reques.pdf,Other,M5,(b)(6) +6,6,(b)(6) 6,,20,20,https://drive.google.com/file/d/1pxkFymv1K1yh9Yinf0_BoH0PcXYtsM0o/view?usp=drivesdk
reredaction,54_BLA 125752-0_12-10-2021_Telecon_Information Reques.pdf,Other,M5,(b)(6) +6,6,(b)(6) 6,,2,2,https://drive.google.com/file/d/1dz9gmAgCJ2KxQZXn0UTwa-nLR7vyoyH1/view?usp=drivesdk
reredaction,62_BLA 125742-0_08-12-2021_Memo_Committee Memo_Requir.pdf,Other,,(b)(6) +6,6,(b)(4) 34; (b)(6) 6; (b)(7)(E) 1; (b)(5) 1,(b)(4) 34; (b)(7)(E) 1; (b)(5) 1,2,2,https://drive.google.com/file/d/1K-m02i_Ki1x4mzzTwfNoq5rNxrvqFjZ9/view?usp=drivesdk
reredaction,74_3_BLA 125742-0_08-16-2021_Telecon_Information Reques.pdf,Other,,(b)(6) +6,6,(b)(6) 6,,1,1,https://drive.google.com/file/d/1Tge_k3pRo6cIW6rjunS3uW-7-JtN28Yf/view?usp=drivesdk
reredaction,76_BLA 125742-0_08-16-2021_Telecon_Labeling via FAX_e.pdf,Other,,(b)(6) +6,6,(b)(6) 6,,3,3,https://drive.google.com/file/d/1iU3PG439zLNDMNlfTEKjYNSGsE3kWLFa/view?usp=drivesdk
reredaction,76_BLA 125752-0_01-07-2022_Telecon_Information Reques.pdf,Other,M5,(b)(6) +6,6,(b)(6) 6,,1,1,https://drive.google.com/file/d/17KTvEUnIk1hfsEBiI9mxQKjUzDpDFf_w/view?usp=drivesdk
reredaction,92_BLA 125752-0_01-24-2022_Telecon_Information Reques.pdf,Other,M5,(b)(6) +6,6,(b)(6) 6,,1,1,https://drive.google.com/file/d/1Ba_h21g1e5cZ6z-fuuzHHgM7uNqnvdfm/view?usp=drivesdk
reredaction,125742_S11_M1_response-25jun2021-cmc.pdf,Pfizer BLA,M1,(b)(4) -9; (b)(6) +3,-6,(b)(4) 36; (b)(6) 3,(b)(4) 45,16,16,https://phmpt.org/wp-content/uploads/2023/11/125742_S11_M1_response-25jun2021-cmc.pdf
reredaction,125742_S36_M1_response-02aug2021.pdf,Pfizer BLA,M1,(b)(6) +6,6,(b)(4) 39; (b)(6) 6,(b)(4) 39,8,8,https://phmpt.org/wp-content/uploads/2023/11/125742_S36_M1_response-02aug2021.pdf
reredaction,125752_S3_M1_agreed-ipsp-fda-agreement.pdf,Moderna BLA,M1,(b)(6) +5,5,(b)(6) 5,,2,2,https://drive.google.com/file/d/1BILzZpQ27w_f57Q2FNO592F5YefclRB1/view?usp=drivesdk
reredaction,125752_S3_M5_CRF_mrna-1273-p301-us3242102.pdf,Moderna BLA,M5,(b)(4) -3; (b)(6) -2,-5,(b)(4) 6120; (b)(6) 3448,(b)(4) 6123; (b)(6) 3450,2313,2313,https://phmpt.org/wp-content/uploads/2024/05/125752_S3_M5_CRF_mrna-1273-p301-us3242102.pdf
reredaction,125752_S5008_M1_11511_req-adv-comm-launch-profess-promot-labelling.pdf,Moderna BLA,M1,(b)(6) +5,5,(b)(6) 6,(b)(6) 1,1,1,https://drive.google.com/file/d/1FbqGrobGWYGkcTJb8n4j1oBG8SV4dEBx/view?usp=drivesdk
reredaction,105_BLA 125752-0_01-28-2022_Telecon_Information Reques.pdf,Other,M5,(b)(6) +5,5,(b)(6) 5,,1,1,https://drive.google.com/file/d/1tgO2keTc5n7X9e1RcGo0hMnOS3voZfeb/view?usp=drivesdk
reredaction,125_BLA 125742-0_08-23-2021_Memo_Committee Memo_Toxico.pdf,Other,,(b)(6) +5,5,(b)(4) 21; (b)(6) 5,(b)(4) 21,124,124,https://drive.google.com/file/d/1Db-T1S7BSQFdsA3JwxmvUx4HATR8QzYd/view?usp=drivesdk
reredaction,1_BLA 125742-0_05-13-2021_Letter_Acknowledgement Let.pdf,Other,,(b)(6) +5,5,(b)(6) 5,,2,2,https://drive.google.com/file/d/1sVmPGiImEyl9OlGJKZT591M2PzzXhuL4/view?usp=drivesdk
reredaction,2_PM_S89_BLA 12572-5_09-10-2021_Telecon_Advice.pdf,Other,,(b)(6) +5,5,(b)(6) 5,,4,4,https://drive.google.com/file/d/1h7Y-rdTXjcHPmEoTO5AhtDDy51Tqc6xm/view?usp=drivesdk
reredaction,57_BLA 125752-0_12-14-2021_Telecon_Information Reques.pdf,Other,M5,(b)(6) +5,5,(b)(6) 5,,1,1,https://drive.google.com/file/d/1YAGYT7vqP8ArQop2EFAt5_5ete3Z4nq9/view?usp=drivesdk
reredaction,75_1_BLA 125742-0_08-16-2021_Telecon_Information Reques.pdf,Other,,(b)(6) +5,5,(b)(6) 11; (b)(4) 6,(b)(4) 6; (b)(6) 6,2,2,https://drive.google.com/file/d/1rkGrc6UZp9iVN63W-1XT7SLlj_srzxJC/view?usp=drivesdk
reredaction,IND 019736_S434_IND 19736_09-24-2021_Telecon .pdf,Other,,(b)(6) +5,5,(b)(6) 5,,4,4,https://p1215data0612.s3.us-east-2.amazonaws.com/pdocs/multiple/p1215d-production-120423.zip
reredaction,125742_S1_M1_fast-track-designation.pdf,Pfizer BLA,M1,(b)(6) +5,5,(b)(6) 5,,2,2,https://phmpt.org/wp-content/uploads/2022/03/125742_S1_M1_fast-track-designation.pdf
reredaction,125752_S10_M5_CRF_mrna-1273-p301-us3452232.pdf,Moderna BLA,M5,(b)(4) -2; (b)(6) -2,-4,(b)(4) 10423; (b)(6) 4981,(b)(4) 10425; (b)(6) 4983,2363,2363,https://phmpt.org/wp-content/uploads/2024/06/125752_S10_M5_CRF_mrna-1273-p301-us3452232.pdf
reredaction,125752_S3_M5_5351_1273p201-16-1-1.pdf,Moderna BLA,M5,(b)(6) +4,4,(b)(6) 8,(b)(6) 4,382,382,https://phmpt.org/wp-content/uploads/2024/05/125752_S3_M5_5351_1273p201-16-1-1.pdf
reredaction,125752_S3_M5_CRF_mrna-1273-p301-us3212004.pdf,Moderna BLA,M5,(b)(4) +2; (b)(6) +2,4,(b)(4) 8018; (b)(6) 3007,(b)(4) 8016; (b)(6) 3005,3189,3189,https://phmpt.org/wp-content/uploads/2024/05/125752_S3_M5_CRF_mrna-1273-p301-us3212004.pdf
reredaction,125752_S43_M1_rsp-fda-cmts-ir41-23dec2021.pdf,Moderna BLA,M1,(b)(6) +4,4,(b)(6) 4; (b)(4) 1,(b)(4) 1,3,3,https://phmpt.org/wp-content/uploads/2025/05/125752_S43_M1_rsp-fda-cmts-ir41-23dec2021.pdf
reredaction,1_BLA 125752-0_06-09-2021_Letter_Acknowledgement Let.pdf,Other,M5,(b)(6) +4,4,(b)(6) 4,,2,2,https://drive.google.com/file/d/14TY74fkD1hGn6oN6ntcFfjXVIn5wuf0a/view?usp=drivesdk
reredaction,30A_BLA 125742-0_07-22-2021_Telecon_Information Reques.pdf,Other,,(b)(6) +4,4,(b)(6) 4,,17,17,https://drive.google.com/file/d/14iYQm3zZAo6ePiZSoYns-1lwWgICB92f/view?usp=drivesdk
reredaction,5_PM_S102_1_BLA 125742-8_09-21-2021_Memo_600.81 Lot Distributi.pdf,Other,,(b)(6) +4,4,(b)(6) 4,,3,3,https://drive.google.com/file/d/1PN5X2YJABpkFaD1Mkt-mSOGs_yKKFRkh/view?usp=drivesdk
reredaction,6_PM_S102_2_BLA 125742-8_09-21-2021_Memo_600.81 Lot Distributi.pdf,Other,,(b)(6) +4,4,(b)(6) 4,,3,3,https://drive.google.com/file/d/1NzpCgtFXCmNZ2f-rWIolIX4Vy6uGjBxe/view?usp=drivesdk
reredaction,74_BLA 125752-0_01-05-2022_Memo_Committee Memo_Labeli.pdf,Other,M5,(b)(6) +4,4,(b)(6) 4,,15,15,https://drive.google.com/file/d/1hbqIfGfcsV0p8VxLtSsmWuGH40kKsANR/view?usp=drivesdk
reredaction,125742-45_S211_M1_cover.pdf,Pfizer BLA,M1,(b)(6) +4,4,(b)(6) 4,,4,4,https://phmpt.org/wp-content/uploads/2023/09/125742-45_S211_M1_cover.pdf
reredaction,125742_S1_M1_ipsp-agreed-letter.pdf,Pfizer BLA,M1,(b)(6) +4,4,(b)(6) 4,,2,2,https://phmpt.org/wp-content/uploads/2022/03/125742_S1_M1_ipsp-agreed-letter.pdf
reredaction,125752_S3_M5_CRF_mrna-1273-p301-us3042241.pdf,Moderna BLA,M5,(b)(6) +2; (b)(4) +1,3,(b)(4) 13336; (b)(6) 6099,(b)(4) 13335; (b)(6) 6097,3276,3276,https://phmpt.org/wp-content/uploads/2024/02/125752_S3_M5_CRF_mrna-1273-p301-us3042241.pdf
reredaction,125752_S3_M5_CRF_mrna-1273-p301-us3202395.pdf,Moderna BLA,M5,(b)(6) +3,3,(b)(4) 5339; (b)(6) 2000,(b)(4) 5339; (b)(6) 1997,2695,2695,https://phmpt.org/wp-content/uploads/2024/04/125752_S3_M5_CRF_mrna-1273-p301-us3202395.pdf
reredaction,11_PM_S136_BLA 125742-31_10-30-2021_Memo_Final Review Memo.pdf,Other,,(b)(6) +4; (b)(4) -1,3,(b)(6) 4,(b)(4) 1,2,2,https://drive.google.com/file/d/1nLqH26L4jqfkA8kW9uL72FJdOgHi-T76/view?usp=drivesdk
reredaction,126_BLA 125742-0_08-23-2021_Memo_Other.pdf,Other,,(b)(6) +3,3,(b)(6) 3,,2,2,https://drive.google.com/file/d/1_DWZdDE4jLcCuxyPD88QLbAQnXVDuL1R/view?usp=drivesdk
reredaction,16_BLA 125752-0_09-30-2021_Memo_Other.pdf,Other,M5,(b)(6) +3,3,(b)(6) 3,,4,4,https://drive.google.com/file/d/1gE5oR11iKksyAJM5YqNYSLnjtk3A4s0U/view?usp=drivesdk
reredaction,61_BLA 125742-0_08-11-2021_Telecon_Other (1).pdf,Other,,(b)(6) +3,3,(b)(6) 5; (b)(4) 2,(b)(6) 2; (b)(4) 2,3,3,https://drive.google.com/file/d/1hQwyT-PRZJfBn5oz7x-r2ncC82bIjWQf/view?usp=drivesdk
reredaction,68A_5_BLA 125742-0_08-13-2021_Telecon_Information Reques.pdf,Other,,(b)(6) +3,3,(b)(4) 22; (b)(6) 3,(b)(4) 22,4,4,https://drive.google.com/file/d/1R29TiH2BpRbsvGEKatYY0Ur7jqdhNU3m/view?usp=drivesdk
reredaction,68B_5_BLA 125742-0_08-13-2021_Telecon_Information Reques.pdf,Other,,(b)(6) +3,3,(b)(4) 22; (b)(6) 3,(b)(4) 22,4,4,https://drive.google.com/file/d/16OIu94AA9BsYumCkk5K0r3rqrKifDiir/view?usp=drivesdk
reredaction,125742_S16_M1_response-15jul2021.pdf,Pfizer BLA,M1,(b)(6) +3,3,(b)(6) 3,,4,4,https://phmpt.org/wp-content/uploads/2023/08/125742_S16_M1_response-15jul2021.pdf
reredaction,125742_S26_M1_fda-bnt-cl.pdf,Pfizer BLA,M1,(b)(6) -3,-3,(b)(6) 2,(b)(6) 5,2,2,https://phmpt.org/wp-content/uploads/2023/11/125742_S26_M1_fda-bnt-cl.pdf
reredaction,125742_S50_M1_response-13aug2021.pdf,Pfizer BLA,M1,(b)(6) +3,3,(b)(4) 29; (b)(6) 3,(b)(4) 29,8,8,https://phmpt.org/wp-content/uploads/2023/11/125742_S50_M1_response-13aug2021.pdf
reredaction,125752_S10_M1_cover-0010.pdf,Moderna BLA,M1,(b)(6) +2,2,(b)(6) 6,(b)(6) 4,2,2,https://phmpt.org/wp-content/uploads/2024/07/125752_S10_M1_cover-0010.pdf
reredaction,125752_S3_M1_cover-0003.pdf,Moderna BLA,M1,(b)(6) +2,2,(b)(6) 2,,14,14,https://phmpt.org/wp-content/uploads/2024/06/125752_S3_M1_cover-0003.pdf
reredaction,125752_S3_M5_CRF_mrna-1273-p301-us3042309.pdf,Moderna BLA,M5,(b)(6) +2,2,(b)(4) 8939; (b)(6) 3678,(b)(4) 8939; (b)(6) 3676,2781,2781,https://phmpt.org/wp-content/uploads/2024/02/125752_S3_M5_CRF_mrna-1273-p301-us3042309.pdf
reredaction,125752_S3_M5_CRF_mrna-1273-p301-us3112266.pdf,Moderna BLA,M5,(b)(4) +1; (b)(6) +1,2,(b)(4) 5960; (b)(6) 2685,(b)(4) 5959; (b)(6) 2684,2211,2211,https://phmpt.org/wp-content/uploads/2024/05/125752_S3_M5_CRF_mrna-1273-p301-us3112266.pdf
reredaction,2_BLA 125752-0_08-20-2021_Telecon_Information Reques.pdf,Other,M5,(b)(6) +2,2,(b)(6) 2,,1,1,https://drive.google.com/file/d/1USXdgM05tbBXgk2-FnzHptXw9k7rO9hJ/view?usp=drivesdk
reredaction,34_BLA 125752-0_11-03-2021_Telecon_Other.pdf,Other,M5,(b)(6) +2,2,(b)(6) 2,,2,2,https://drive.google.com/file/d/1TcLQ05iU-i8pzAnytvHoPOUJlLnX-7VH/view?usp=drivesdk
reredaction,48A_BLA 125752-0_12-06-2021_Telecon_Information Reques.pdf,Other,M5,(b)(6) +2,2,(b)(6) 3,(b)(6) 1,5,5,https://drive.google.com/file/d/15sWGLfsMMc_94G9leNxiCkWSofDYqYCF/view?usp=drivesdk
reredaction,63_BLA 125742-0_08-12-2021_Telecon_Other.pdf,Other,,(b)(6) +2,2,(b)(4) 9; (b)(6) 3,(b)(4) 9; (b)(6) 1,2,2,https://drive.google.com/file/d/1Tqv-2h4q4zzNEjD145ShjZjpYN_Ph4up/view?usp=drivesdk
reredaction,78_BLA 125752-0_01-11-2022_Memo_Committee Memo_Review.pdf,Other,M5,(b)(6) +2,2,(b)(6) 2,,13,13,https://drive.google.com/file/d/1X3_xNqPsSkVWvcPTrnIIFWb3m88v5VzH/view?usp=drivesdk
reredaction,83_BLA 125742-0_08-17-2021_Telecon_Other.pdf,Other,,(b)(6) +2,2,(b)(4) 83; (b)(6) 16,(b)(4) 83; (b)(6) 14,4,4,https://drive.google.com/file/d/1RgYJWXd_iDZVZJuDA4eg2kdtAg3GNLVy/view?usp=drivesdk
reredaction,8_BLA 125752-0_09-23-2021_Telecon_Advice.pdf,Other,M5,(b)(6) +2,2,(b)(6) 2,,1,1,https://drive.google.com/file/d/1DpQlQaQk0fxRcnL17wJxEIFdz5vYWtU9/view?usp=drivesdk
reredaction,125742-45_S273_M1_req-comments-advice-sbla.pdf,Pfizer BLA,,(b)(6) +2,2,(b)(6) 2,,4,4,https://phmpt.org/wp-content/uploads/2024/01/125742-45_S273_M1_req-comments-advice-sbla.pdf
reredaction,125742_S105_M1_req-comments-advice-bpdr.pdf,Pfizer BLA,M1,(b)(6) +2,2,(b)(6) 2,,1,1,https://phmpt.org/wp-content/uploads/2023/08/125742_S105_M1_req-comments-advice-bpdr.pdf
reredaction,125742_S1_M4_20256434.pdf,Pfizer BLA,M4,(b)(6) +2,2,(b)(6) 74; (b)(4) 23,(b)(6) 72; (b)(4) 23,1145,1145,https://pdata0916.s3.us-east-2.amazonaws.com/pdocs/110122/125742_S1_M4_20256434.pdf
reredaction,125742_S28_M1_response-22jul2021-followup.pdf,Pfizer BLA,M1,(b)(6) +2,2,(b)(6) 2,,5,5,https://phmpt.org/wp-content/uploads/2023/01/125742_S28_M1_response-22jul2021-followup.pdf
reredaction,125742_S2_M1_loa-dmf-011321-vials.pdf,Pfizer BLA,M1,(b)(6) +2,2,(b)(6) 2,,1,1,https://phmpt.org/wp-content/uploads/2022/07/125742_S2_M1_loa-dmf-011321-vials.pdf
reredaction,125742_S2_M1_loa-dmf-10953-stopper.pdf,Pfizer BLA,M1,(b)(6) +2,2,(b)(6) 2,,2,2,https://phmpt.org/wp-content/uploads/2022/07/125742_S2_M1_loa-dmf-10953-stopper.pdf
reredaction,125742_S31_M1_response-28jul2021.pdf,Pfizer BLA,M1,(b)(6) +2,2,(b)(6) 2,,17,17,https://phmpt.org/wp-content/uploads/2023/08/125742_S31_M1_response-28jul2021.pdf
reredaction,125742_S33_M1_response-22jul-03aug.pdf,Pfizer BLA,M1,(b)(6) +2,2,(b)(6) 2,,5,5,https://phmpt.org/wp-content/uploads/2023/08/125742_S33_M1_response-22jul-03aug.pdf
reredaction,125742_S53_M1_356h.pdf,Pfizer BLA,M1,(b)(6) +2,2,(b)(6) 44; (b)(4) 7,(b)(6) 42; (b)(4) 7,7,7,https://phmpt.org/wp-content/uploads/2023/10/125742_S53_M1_356h.pdf
reredaction,125742_S63_M1_356h.pdf,Pfizer BLA,M1,(b)(6) +2,2,(b)(6) 44; (b)(4) 7,(b)(6) 42; (b)(4) 7,7,7,https://phmpt.org/wp-content/uploads/2023/10/125742_S63_M1_356h.pdf
reredaction,125742_S63_M1_response-18aug2021.pdf,Pfizer BLA,M1,(b)(6) +2,2,(b)(4) 16; (b)(6) 2,(b)(4) 16,2,2,https://phmpt.org/wp-content/uploads/2023/11/125742_S63_M1_response-18aug2021.pdf
reredaction,125742_S88_M1_pp-cvv-usa-0378.pdf,Pfizer BLA,M1,(b)(6) +2,2,(b)(1) 2; (b)(6) 2,(b)(1) 2,8,8,https://phmpt.org/wp-content/uploads/2023/08/125742_S88_M1_pp-cvv-usa-0378.pdf
reredaction,27034_S135_M1_response-31-mar-2021-508tables.pdf,Pfizer EUA,,(b)(6) +2,2,(b)(6) 2,,17,17,https://p1215data0612.s3.us-east-2.amazonaws.com/pdocs/multiple/p1215d-eua-production-080125.zip
reredaction,27034_S18_M1_response-4-dec-2020-biostat.pdf,Pfizer EUA,M1,(b)(6) +2,2,(b)(6) 3; (b)(4) 1,(b)(6) 1; (b)(4) 1,11,11,https://drive.google.com/file/d/1vhppfPY7MMmNfxyNSbPFVzq0cS7l5t4H/view?usp=drivesdk
reredaction,27034_S24_M1_fact-sheet-recipients-lab-1451-0-7-annotated.pdf,Pfizer EUA,M1,(b)(6) +2,2,(b)(6) 2,,6,6,https://drive.google.com/file/d/1uNrhebrfWN3S1P8BmvcWGVAyuolVYDos/view?usp=drivesdk
reredaction,125752_S11_M1_cover-0011.pdf,Moderna BLA,M1,(b)(6) +1,1,(b)(6) 5,(b)(6) 4,2,2,https://phmpt.org/wp-content/uploads/2024/01/125752_S11_M1_cover-0011.pdf
reredaction,125752_S12_M1_cover-0012.pdf,Moderna BLA,M1,(b)(6) +1,1,(b)(6) 5,(b)(6) 4,1,1,https://phmpt.org/wp-content/uploads/2024/01/125752_S12_M1_cover-0012.pdf
reredaction,125752_S13_M1_cover-0013.pdf,Moderna BLA,M1,(b)(6) +1,1,(b)(6) 5,(b)(6) 4,1,1,https://phmpt.org/wp-content/uploads/2024/07/125752_S13_M1_cover-0013.pdf
reredaction,125752_S14_M1_cover-0014.pdf,Moderna BLA,M1,(b)(6) +1,1,(b)(4) 6; (b)(6) 5,(b)(4) 6; (b)(6) 4,2,2,https://phmpt.org/wp-content/uploads/2025/05/125752_S14_M1_cover-0014.pdf
reredaction,125752_S15_M1_cover-0015.pdf,Moderna BLA,M1,(b)(6) +1,1,(b)(6) 5,(b)(6) 4,1,1,https://phmpt.org/wp-content/uploads/2024/01/125752_S15_M1_cover-0015.pdf
reredaction,125752_S15_M1_loa-bla-0700-acc.pdf,Moderna BLA,M1,(b)(6) +1,1,(b)(6) 5,(b)(6) 4,1,1,https://phmpt.org/wp-content/uploads/2024/01/125752_S15_M1_loa-bla-0700-acc.pdf
reredaction,125752_S16_M1_cover-0016.pdf,Moderna BLA,M1,(b)(6) +1,1,(b)(6) 5,(b)(6) 4,1,1,https://phmpt.org/wp-content/uploads/2024/01/125752_S16_M1_cover-0016.pdf
reredaction,125752_S17_M1_cover-0017.pdf,Moderna BLA,M1,(b)(6) +1,1,(b)(6) 5,(b)(6) 4,1,1,https://phmpt.org/wp-content/uploads/2024/07/125752_S17_M1_cover-0017.pdf
reredaction,125752_S18_M1_cover-0018.pdf,Moderna BLA,M1,(b)(6) +1,1,(b)(6) 5,(b)(6) 4,1,1,https://phmpt.org/wp-content/uploads/2024/01/125752_S18_M1_cover-0018.pdf
reredaction,125752_S19_M1_cover-0019.pdf,Moderna BLA,M1,(b)(6) +1,1,(b)(6) 5,(b)(6) 4,1,1,https://phmpt.org/wp-content/uploads/2025/05/125752_S19_M1_cover-0019.pdf
reredaction,125752_S1_M1_cover-0001.pdf,Moderna BLA,M1,(b)(6) +1,1,(b)(6) 5,(b)(6) 4,2,2,https://phmpt.org/wp-content/uploads/2024/01/125752_S1_M1_cover-0001.pdf
reredaction,125752_S20_M1_cover-0020_.pdf,Moderna BLA,M1,(b)(6) +1,1,(b)(6) 5,(b)(6) 4,2,2,https://phmpt.org/wp-content/uploads/2024/01/125752_S20_M1_cover-0020_.pdf
reredaction,125752_S21_M1_cover-0021.pdf,Moderna BLA,M1,(b)(6) +1,1,(b)(6) 5,(b)(6) 4,1,1,https://phmpt.org/wp-content/uploads/2024/01/125752_S21_M1_cover-0021.pdf
reredaction,125752_S22_M1_cover-0022.pdf,Moderna BLA,M1,(b)(6) +1,1,(b)(6) 5,(b)(6) 4,1,1,https://phmpt.org/wp-content/uploads/2024/07/125752_S22_M1_cover-0022.pdf
reredaction,125752_S23_M1_cover-0023.pdf,Moderna BLA,M1,(b)(6) +1,1,(b)(6) 5,(b)(6) 4,1,1,https://phmpt.org/wp-content/uploads/2024/01/125752_S23_M1_cover-0023.pdf
reredaction,125752_S24_M1_cover-0024.pdf,Moderna BLA,M1,(b)(6) +1,1,(b)(6) 5,(b)(6) 4,1,1,https://phmpt.org/wp-content/uploads/2025/05/125752_S24_M1_cover-0024.pdf
reredaction,125752_S25_M1_cover-0025.pdf,Moderna BLA,M1,(b)(6) +1,1,(b)(6) 5,(b)(6) 4,2,2,https://phmpt.org/wp-content/uploads/2025/05/125752_S25_M1_cover-0025.pdf
reredaction,125752_S26_M1_cover-0026.pdf,Moderna BLA,M1,(b)(6) +1,1,(b)(6) 5,(b)(6) 4,1,1,https://phmpt.org/wp-content/uploads/2025/05/125752_S26_M1_cover-0026.pdf
reredaction,125752_S27_M1_cover-0027.pdf,Moderna BLA,M1,(b)(6) +1,1,(b)(6) 5,(b)(6) 4,2,2,https://phmpt.org/wp-content/uploads/2024/01/125752_S27_M1_cover-0027.pdf
reredaction,125752_S28_M1_cover-0028.pdf,Moderna BLA,M1,(b)(6) +1,1,(b)(6) 5,(b)(6) 4,1,1,https://phmpt.org/wp-content/uploads/2024/01/125752_S28_M1_cover-0028.pdf
reredaction,125752_S29_M1_cover-0029.pdf,Moderna BLA,M1,(b)(6) +1,1,(b)(6) 5,(b)(6) 4,1,1,https://phmpt.org/wp-content/uploads/2025/05/125752_S29_M1_cover-0029.pdf
reredaction,125752_S2_M1_cover-0002.pdf,Moderna BLA,M1,(b)(6) +1,1,(b)(6) 5,(b)(6) 4,2,2,https://phmpt.org/wp-content/uploads/2025/05/125752_S2_M1_cover-0002.pdf
reredaction,125752_S30_M1_cover-0030.pdf,Moderna BLA,M1,(b)(6) +1,1,(b)(6) 5,(b)(6) 4,1,1,https://phmpt.org/wp-content/uploads/2025/05/125752_S30_M1_cover-0030.pdf
reredaction,125752_S31_M1_cover-0031.pdf,Moderna BLA,M1,(b)(6) +1,1,(b)(6) 5,(b)(6) 4,1,1,https://phmpt.org/wp-content/uploads/2024/07/125752_S31_M1_cover-0031.pdf
reredaction,125752_S32_M1_cover-0032.pdf,Moderna BLA,M1,(b)(6) +1,1,(b)(6) 5,(b)(6) 4,1,1,https://phmpt.org/wp-content/uploads/2024/01/125752_S32_M1_cover-0032.pdf
reredaction,125752_S33_M1_cover-0033.pdf,Moderna BLA,M1,(b)(6) +1,1,(b)(6) 5,(b)(6) 4,1,1,https://phmpt.org/wp-content/uploads/2024/01/125752_S33_M1_cover-0033.pdf
reredaction,125752_S34_M1_cover-0034.pdf,Moderna BLA,M1,(b)(6) +1,1,(b)(6) 5,(b)(6) 4,1,1,https://phmpt.org/wp-content/uploads/2024/07/125752_S34_M1_cover-0034.pdf
reredaction,125752_S35_M1_cover-0035.pdf,Moderna BLA,M1,(b)(6) +1,1,(b)(6) 5,(b)(6) 4,2,2,https://phmpt.org/wp-content/uploads/2025/05/125752_S35_M1_cover-0035.pdf
reredaction,125752_S36_M1_cover-0036.pdf,Moderna BLA,M1,(b)(6) +1,1,(b)(6) 5,(b)(6) 4,1,1,https://phmpt.org/wp-content/uploads/2025/05/125752_S36_M1_cover-0036.pdf
reredaction,125752_S37_M1_cover-0037.pdf,Moderna BLA,M1,(b)(6) +1,1,(b)(6) 5,(b)(6) 4,1,1,https://phmpt.org/wp-content/uploads/2024/07/125752_S37_M1_cover-0037.pdf
reredaction,125752_S38_M1_cover-0038.pdf,Moderna BLA,M1,(b)(6) +1,1,(b)(6) 5,(b)(6) 4,1,1,https://phmpt.org/wp-content/uploads/2024/01/125752_S38_M1_cover-0038.pdf
reredaction,125752_S39_M1_cover-0039.pdf,Moderna BLA,M1,(b)(6) +1,1,(b)(6) 5,(b)(6) 4,1,1,https://phmpt.org/wp-content/uploads/2024/01/125752_S39_M1_cover-0039.pdf
reredaction,125752_S3_M5_CRF_mrna-1273-p301-us3212181.pdf,Moderna BLA,M5,(b)(4) -2; (b)(6) +1,-1,(b)(4) 3040; (b)(6) 1163,(b)(4) 3042; (b)(6) 1162,2064,2064,https://phmpt.org/wp-content/uploads/2024/05/125752_S3_M5_CRF_mrna-1273-p301-us3212181.pdf
reredaction,125752_S3_M5_CRF_mrna-1273-p301-us3212250.pdf,Moderna BLA,M5,(b)(4) -1,-1,(b)(4) 5888; (b)(6) 2102,(b)(4) 5889; (b)(6) 2102,2846,2846,https://phmpt.org/wp-content/uploads/2024/05/125752_S3_M5_CRF_mrna-1273-p301-us3212250.pdf
reredaction,125752_S40_M1_cover-0040.pdf,Moderna BLA,M1,(b)(6) +1,1,(b)(6) 5,(b)(6) 4,1,1,https://phmpt.org/wp-content/uploads/2024/01/125752_S40_M1_cover-0040.pdf
reredaction,125752_S44_M1_cover-0044.pdf,Moderna BLA,M1,(b)(6) +1,1,(b)(6) 5,(b)(6) 4,1,1,https://phmpt.org/wp-content/uploads/2024/01/125752_S44_M1_cover-0044.pdf
reredaction,125752_S45_M1_cover-0045.pdf,Moderna BLA,M1,(b)(6) +1,1,(b)(6) 5,(b)(6) 4,1,1,https://phmpt.org/wp-content/uploads/2024/07/125752_S45_M1_cover-0045.pdf
reredaction,125752_S46_M1_cover-0046.pdf,Moderna BLA,M1,(b)(6) +1,1,(b)(6) 5,(b)(6) 4,1,1,https://phmpt.org/wp-content/uploads/2024/01/125752_S46_M1_cover-0046.pdf
reredaction,125752_S47_M1_cover-0047.pdf,Moderna BLA,M1,(b)(6) +1,1,(b)(6) 5,(b)(6) 4,1,1,https://phmpt.org/wp-content/uploads/2025/05/125752_S47_M1_cover-0047.pdf
reredaction,125752_S48_M1_cover-0048.pdf,Moderna BLA,M1,(b)(6) +1,1,(b)(6) 5,(b)(6) 4,1,1,https://phmpt.org/wp-content/uploads/2024/07/125752_S48_M1_cover-0048.pdf
reredaction,125752_S49_M1_cover-0049.pdf,Moderna BLA,M1,(b)(6) +1,1,(b)(6) 5,(b)(6) 4,1,1,https://phmpt.org/wp-content/uploads/2024/01/125752_S49_M1_cover-0049.pdf
reredaction,125752_S4_M1_cover-0004.pdf,Moderna BLA,M1,(b)(6) +1,1,(b)(6) 5,(b)(6) 4,1,1,https://phmpt.org/wp-content/uploads/2024/01/125752_S4_M1_cover-0004.pdf
reredaction,125752_S5007_M1_115214_annotated-ref-1-spikevax-pi.pdf,Moderna BLA,M1,(b)(6) +1,1,(b)(6) 1,,18,18,https://drive.google.com/file/d/1iEYxabaMHKHDfKsvOozh1L616sUwAPnQ/view?usp=drivesdk
reredaction,125752_S5008_M1_115214_annotated-ref-2-spikevax-pi.pdf,Moderna BLA,M1,(b)(6) +1,1,(b)(6) 1,,18,18,https://drive.google.com/file/d/10AK36faiQJ_-D_86i8GpzzcjK6e-OYdD/view?usp=drivesdk
reredaction,125752_S50_M1_cover-0050.pdf,Moderna BLA,M1,(b)(6) +1,1,(b)(6) 5,(b)(6) 4,1,1,https://phmpt.org/wp-content/uploads/2024/01/125752_S50_M1_cover-0050.pdf
reredaction,125752_S51_M1_cover-0051.pdf,Moderna BLA,M1,(b)(6) +1,1,(b)(6) 5,(b)(6) 4,1,1,https://phmpt.org/wp-content/uploads/2024/01/125752_S51_M1_cover-0051.pdf
reredaction,125752_S52_M1_cover-0052.pdf,Moderna BLA,M1,(b)(6) +1,1,(b)(6) 5,(b)(6) 4,1,1,https://phmpt.org/wp-content/uploads/2024/01/125752_S52_M1_cover-0052.pdf
reredaction,125752_S53_M1_12_cover-0053.pdf,Moderna BLA,M1,(b)(6) +1,1,(b)(6) 6,(b)(6) 5,1,1,https://drive.google.com/file/d/1szlEHNYi92nzKCVr7TNY5SdH5pCC-3pW/view?usp=drivesdk
reredaction,125752_S55_M1_12_cover-0055.pdf,Moderna BLA,M1,(b)(6) +1,1,(b)(6) 6,(b)(6) 5,1,1,https://drive.google.com/file/d/15wyQgId_LAxmziisUZUhfEuCTaw7R_a8/view?usp=drivesdk
reredaction,125752_S57_M1_12_cover-0057.pdf,Moderna BLA,M1,(b)(6) +1,1,(b)(6) 7,(b)(6) 6,2,2,https://drive.google.com/file/d/1DiDvl3uoAuv-4VQYUFgcAl5wmXedlOnl/view?usp=drivesdk
reredaction,125752_S5_M1_cover-0005.pdf,Moderna BLA,M1,(b)(6) +1,1,(b)(6) 5,(b)(6) 4,1,1,https://phmpt.org/wp-content/uploads/2024/01/125752_S5_M1_cover-0005.pdf
reredaction,125752_S6_M1_cover-0006.pdf,Moderna BLA,M1,(b)(6) +1,1,(b)(6) 5,(b)(6) 4,1,1,https://phmpt.org/wp-content/uploads/2024/01/125752_S6_M1_cover-0006.pdf
reredaction,125752_S7_M1_cover-0007.pdf,Moderna BLA,M1,(b)(6) +1,1,(b)(6) 5,(b)(6) 4,1,1,https://phmpt.org/wp-content/uploads/2024/01/125752_S7_M1_cover-0007.pdf
reredaction,125752_S8_M1_cover-0008.pdf,Moderna BLA,M1,(b)(6) +1,1,(b)(6) 5,(b)(6) 4,1,1,https://phmpt.org/wp-content/uploads/2024/01/125752_S8_M1_cover-0008.pdf
reredaction,125752_S9_M1_cover-0009.pdf,Moderna BLA,M1,(b)(6) +1,1,(b)(6) 5,(b)(6) 4,1,1,https://phmpt.org/wp-content/uploads/2024/01/125752_S9_M1_cover-0009.pdf
reredaction,104A_BLA 125742-0_08-20-2021_Telecon_Information Reques.pdf,Other,,(b)(6) +1,1,(b)(6) 1,,1,1,https://drive.google.com/file/d/1PyJjaC0DyPZLRpzybCqEwzyl7d7iPCMp/view?usp=drivesdk
reredaction,104B_BLA 125742-0_08-20-2021_Telecon_Information Reques.pdf,Other,,(b)(6) +1,1,(b)(6) 1,,1,1,https://drive.google.com/file/d/10rOY2Yz3DOgbgRWj0ncRV1RLlnveaEVV/view?usp=drivesdk
reredaction,112A_1_BLA 125742-0_08-21-2021_Telecon_Information Reques.pdf,Other,,(b)(6) +1,1,(b)(6) 1,,1,1,https://drive.google.com/file/d/1HAcx1idx-M1Om8W6xEXQy6j0AItAyxQ1/view?usp=drivesdk
reredaction,21_BLA 125752-0_10-14-2021_Telecon_Other.pdf,Other,M5,(b)(6) +1,1,(b)(6) 1,,1,1,https://drive.google.com/file/d/1c6rdkggcq9rugXT6oTEm7H9v8pk5oZC-/view?usp=drivesdk
reredaction,43A_STN 125742.0 4AUG21 LRP FU IR 2 (1).pdf,Other,,(b)(6) +1,1,(b)(4) 12; (b)(6) 1,(b)(4) 12,6,6,https://drive.google.com/file/d/1_dANhfb4UaZg5IB7gANyEXstxk4G88vI/view?usp=drivesdk
reredaction,48_BLA 125752-0_12-06-2021_Telecon_Information Reques.pdf,Other,M5,(b)(6) +1,1,(b)(6) 1,,1,1,https://drive.google.com/file/d/1kLTgnIRyC_Yz-2XvikJ_0dP5CeZEB315/view?usp=drivesdk
reredaction,59_BLA 125752-0_12-15-2021_Telecon_Advice.pdf,Other,M5,(b)(6) +1,1,(b)(6) 4; (b)(4) 3,(b)(6) 3; (b)(4) 3,2,2,https://drive.google.com/file/d/13DjnOJKjktjfMCRcVLdlISCvYxM6oj0o/view?usp=drivesdk
reredaction,125742-45_04-22-2022_Memo_Committee Memo_Consu.pdf,Pfizer BLA,,(b)(6) +1,1,(b)(6) 1,,6,6,https://p1215data0612.s3.us-east-2.amazonaws.com/pdocs/multiple/p1215d-production-010224.zip
reredaction,125742-45_S252_M1_response-19jan2022.pdf,Pfizer BLA,,(b)(6) +1,1,(b)(6) 1,,4,4,https://phmpt.org/wp-content/uploads/2024/01/125742-45_S252_M1_response-19jan2022.pdf
reredaction,125742-45_S267_M1_response-23feb2022.pdf,Pfizer BLA,,(b)(6) +1,1,(b)(6) 1,,5,5,https://phmpt.org/wp-content/uploads/2024/01/125742-45_S267_M1_response-23feb2022.pdf
reredaction,125742-45_S271_M1_response-07mar2022.pdf,Pfizer BLA,,(b)(6) +1,1,(b)(6) 1,,4,4,https://phmpt.org/wp-content/uploads/2024/01/125742-45_S271_M1_response-07mar2022.pdf
reredaction,125742-45_S321_M1_response-04may2022.pdf,Pfizer BLA,,(b)(6) +1,1,(b)(6) 1,,4,4,https://phmpt.org/wp-content/uploads/2024/01/125742-45_S321_M1_response-04may2022.pdf
reredaction,125742_S15_M3_32r_comirnaty-lot-release-16jul2021.pdf,Pfizer BLA,M3,(b)(6) +1,1,(b)(4) 12; (b)(6) 1,(b)(4) 12,6,6,https://phmpt.org/wp-content/uploads/2023/11/125742_S15_M3_32r_comirnaty-lot-release-16jul2021.pdf
reredaction,125742_S24_M1_response-27jul2021.pdf,Pfizer BLA,M1,(b)(6) +1,1,(b)(6) 1,,11,11,https://phmpt.org/wp-content/uploads/2023/08/125742_S24_M1_response-27jul2021.pdf
reredaction,125742_S27_M1_response-29jul2021.pdf,Pfizer BLA,M1,(b)(6) +1,1,(b)(6) 1,,7,7,https://phmpt.org/wp-content/uploads/2023/01/125742_S27_M1_response-29jul2021.pdf
reredaction,125742_S2_M1_loa-dmf-011793-vials.pdf,Pfizer BLA,M1,(b)(6) +1,1,(b)(6) 1,,1,1,https://phmpt.org/wp-content/uploads/2022/07/125742_S2_M1_loa-dmf-011793-vials.pdf
reredaction,125742_S2_M1_loa-dmf-011820-vials.pdf,Pfizer BLA,M1,(b)(6) +1,1,(b)(6) 1,,1,1,https://phmpt.org/wp-content/uploads/2022/07/125742_S2_M1_loa-dmf-011820-vials.pdf
reredaction,125742_S2_M1_loa-dmf-012683-vials.pdf,Pfizer BLA,M1,(b)(6) +1,1,(b)(6) 1,,1,1,https://phmpt.org/wp-content/uploads/2022/07/125742_S2_M1_loa-dmf-012683-vials.pdf
reredaction,125742_S2_M1_loa-dmf-031786-vials.pdf,Pfizer BLA,M1,(b)(6) +1,1,(b)(6) 1,,1,1,https://phmpt.org/wp-content/uploads/2022/07/125742_S2_M1_loa-dmf-031786-vials.pdf
reredaction,125742_S2_M1_loa-dmf-15209-vials.pdf,Pfizer BLA,M1,(b)(6) +1,1,(b)(6) 1,,1,1,https://phmpt.org/wp-content/uploads/2023/08/125742_S2_M1_loa-dmf-15209-vials.pdf
reredaction,125742_S2_M1_loa-dmf-9543-vials.pdf,Pfizer BLA,M1,(b)(6) +1,1,(b)(6) 1,,1,1,https://phmpt.org/wp-content/uploads/2023/04/125742_S2_M1_loa-dmf-9543-vials.pdf
reredaction,125742_S2_M3_32r_reg-info-lot-release-documentation-package.pdf,Pfizer BLA,M3,(b)(6) +1,1,(b)(4) 19; (b)(6) 4,(b)(4) 19; (b)(6) 3,6,6,https://phmpt.org/wp-content/uploads/2023/11/125742_S2_M3_32r_reg-info-lot-release-documentation-package.pdf
reredaction,125742_S38_M1_response-22jul2021.pdf,Pfizer BLA,M1,(b)(6) +1,1,(b)(6) 1,,5,5,https://phmpt.org/wp-content/uploads/2023/09/125742_S38_M1_response-22jul2021.pdf
reredaction,125742_S42_M3_32r_comirnaty-lot-release-template.pdf,Pfizer BLA,M3,(b)(6) +1,1,(b)(4) 21; (b)(6) 1,(b)(4) 21,12,12,https://phmpt.org/wp-content/uploads/2023/11/125742_S42_M3_32r_comirnaty-lot-release-template.pdf
reredaction,125742_S45_M1_response-09aug2021.pdf,Pfizer BLA,M1,(b)(6) +1,1,(b)(6) 1,,7,7,https://phmpt.org/wp-content/uploads/2023/08/125742_S45_M1_response-09aug2021.pdf
reredaction,125742_S4_M1_response-18-may-2021-datasets.pdf,Pfizer BLA,M1,(b)(6) +1,1,(b)(6) 1,,3,3,https://phmpt.org/wp-content/uploads/2023/04/125742_S4_M1_response-18-may-2021-datasets.pdf
reredaction,125742_S75_M1_response-20aug2021.pdf,Pfizer BLA,M1,(b)(6) +1,1,(b)(6) 1,,4,4,https://phmpt.org/wp-content/uploads/2023/08/125742_S75_M1_response-20aug2021.pdf
reredaction,27034_S13_M1_response-2-dec-2020-preg.pdf,Pfizer EUA,M1,(b)(6) +1,1,(b)(6) 1,,3,3,https://drive.google.com/file/d/1I7PscqdPY3F0ElMuC0IYBecCUIWxWUqg/view?usp=drivesdk
reredaction,27034_S146_M1_response-08-apr-2021-cvst.pdf,Pfizer EUA,,(b)(6) +1,1,(b)(6) 2,(b)(6) 1,5,5,https://p1215data0612.s3.us-east-2.amazonaws.com/pdocs/multiple/p1215d-eua-production-080125.zip
reredaction,27034_S149_M1_response-25-apr-2021.pdf,Pfizer EUA,,(b)(6) +1,1,(b)(6) 1,,7,7,https://p1215data0612.s3.us-east-2.amazonaws.com/pdocs/multiple/p1215d-eua-production-080125.zip
reredaction,27034_S23_M1_response-y-dec-2020-act-surv.pdf,Pfizer EUA,M1,(b)(6) +1,1,(b)(6) 1,,4,4,https://drive.google.com/file/d/1acihrAOxfCxtap-usX3wEgkihTlIOZG4/view?usp=drivesdk
reredaction,27034_S26_M1_response-10-dec-2020.pdf,Pfizer EUA,M1,(b)(6) +1,1,(b)(6) 1,,4,4,https://drive.google.com/file/d/1BTQ-3u_1nZWUN6MZAvFTTHuvZjn0CirI/view?usp=drivesdk
reredaction,27034_S8_M1_response-27-nov-2020.pdf,Pfizer EUA,M1,(b)(6) +1,1,(b)(6) 1,,10,10,https://drive.google.com/file/d/1IkbSx24c3mBU8AnlDywEMBbJ4llXylng/view?usp=drivesdk
reredaction,27034_S9_M1_response-01-dec-2020-stat.pdf,Pfizer EUA,M1,(b)(6) +1,1,(b)(6) 2; (b)(4) 1,(b)(4) 1; (b)(6) 1,4,4,https://drive.google.com/file/d/12b4ROLTZwE5eG0Lrn2H8yG8fZT75_czY/view?usp=drivesdk
reredaction,019736_S185_M1_1571.pdf,Pfizer IND/EUA,M1,(b)(6) +1,1,(b)(6) 1,,3,3,https://phmpt.org/wp-content/uploads/2024/01/019736_S434_M1_1571.pdf
reredaction,019736_S214_M1_1571.pdf,Pfizer IND/EUA,M1,(b)(6) +1,1,(b)(6) 1,,3,3,https://phmpt.org/wp-content/uploads/2024/01/019736_S434_M1_1571.pdf
reredaction,019736_S243_M1_1571.pdf,Pfizer IND/EUA,M1,(b)(6) +1,1,(b)(6) 1,,3,3,https://phmpt.org/wp-content/uploads/2024/01/019736_S434_M1_1571.pdf
reredaction,019736_S289_M1_1571.pdf,Pfizer IND/EUA,M1,(b)(6) +1,1,(b)(6) 1,,3,3,https://phmpt.org/wp-content/uploads/2024/01/019736_S434_M1_1571.pdf
reredaction,019736_S335_M1_1571.pdf,Pfizer IND/EUA,M1,(b)(6) +1,1,(b)(6) 1,,3,3,https://phmpt.org/wp-content/uploads/2024/01/019736_S434_M1_1571.pdf
reredaction,019736_S366_M1_1571.pdf,Pfizer IND/EUA,M1,(b)(6) +1,1,(b)(6) 1,,3,3,https://phmpt.org/wp-content/uploads/2024/01/019736_S434_M1_1571.pdf
reredaction,019736_S369_M1_1571.pdf,Pfizer IND/EUA,M1,(b)(6) +1,1,(b)(6) 1,,3,3,https://phmpt.org/wp-content/uploads/2024/01/019736_S434_M1_1571.pdf
reredaction,019736_S408_M1_1571.pdf,Pfizer IND/EUA,M1,(b)(6) +1,1,(b)(6) 1,,3,3,https://phmpt.org/wp-content/uploads/2024/01/019736_S434_M1_1571.pdf
reredaction,019736_S453_M1_1571.pdf,Pfizer IND/EUA,M1,(b)(6) +1,1,(b)(6) 1,,3,3,https://phmpt.org/wp-content/uploads/2024/01/019736_S434_M1_1571.pdf
reredaction,019736_S491_M1_1571.pdf,Pfizer IND/EUA,M1,(b)(6) +1,1,(b)(6) 1,,3,3,https://phmpt.org/wp-content/uploads/2024/01/019736_S434_M1_1571.pdf
version,125752_S3_M5_CRF_mrna-1273-p301-us3132037.pdf,Moderna BLA,,(b)(4) +13042; (b)(6) +4568,17610,(b)(4) 15766; (b)(6) 5251,(b)(4) 2724; (b)(6) 683,3985,1979,https://mdata0612.s3.us-east-2.amazonaws.com/mdocs/multiple/md-eua-040126.zip
version,125752_S3_M5_CRF_mrna-1273-p301-us3102283.pdf,Moderna BLA,,(b)(4) +12361; (b)(6) +3527,15888,(b)(4) 15466; (b)(6) 5031,(b)(4) 3105; (b)(6) 1504,4440,3029,https://mdata0612.s3.us-east-2.amazonaws.com/mdocs/multiple/md-eua-040126.zip
version,125752_S3_M5_CRF_mrna-1273-p301-us3152025.pdf,Moderna BLA,,(b)(4) +5005; (b)(6) +2363,7368,(b)(4) 8727; (b)(6) 3646,(b)(4) 3722; (b)(6) 1283,2794,2233,https://mdata0612.s3.us-east-2.amazonaws.com/mdocs/multiple/md-eua-040126.zip
version,125752_S3_M5_CRF_mrna-1273-p301-us3102082.pdf,Moderna BLA,,(b)(4) +3275; (b)(6) +1196,4471,(b)(4) 4188; (b)(6) 1731,(b)(4) 913; (b)(6) 535,2174,1756,https://mdata0612.s3.us-east-2.amazonaws.com/mdocs/multiple/md-eua-040126.zip
version,125752_S3_M5_CRF_mrna-1273-p301-us3102061.pdf,Moderna BLA,,(b)(4) +2792; (b)(6) +776,3568,(b)(4) 4543; (b)(6) 2006,(b)(4) 1751; (b)(6) 1230,2397,2155,https://mdata0612.s3.us-east-2.amazonaws.com/mdocs/multiple/md-eua-040126.zip
version,125742_S32_M1_response-02aug2021.pdf,Pfizer BLA,M1,(b)(4) -18; (b)(6) +1,-17,(b)(4) 40; (b)(6) 1,(b)(4) 58,10,8,https://phmpt.org/wp-content/uploads/2023/08/125742_S32_M1_response-02aug2021.pdf
version,102_BLA 125752-0_01-28-2022_Memo_Compliance Check Acce.pdf,Other,M5,(b)(6) +16,16,(b)(6) 16,,4,,https://drive.google.com/file/d/1ZNPHXZnlDh685OON-1TqAFsO0itlfIHT/view?usp=drivesdk
version,125742-45_S312_M1_cover.pdf,Pfizer BLA,M1,(b)(6) +8,8,(b)(6) 10,(b)(6) 2,2,4,https://phmpt.org/wp-content/uploads/2023/09/125742-45_S312_M1_cover.pdf
version,125742-45_S314_M1_cover.pdf,Pfizer BLA,M1,(b)(6) +7,7,(b)(6) 9,(b)(6) 2,2,4,https://phmpt.org/wp-content/uploads/2023/09/125742-45_S314_M1_cover.pdf
version,125742_S11_M1_cover.pdf,Pfizer BLA,M1,(b)(6) +7,7,(b)(6) 7; (b)(4) 1,(b)(4) 1,2,4,https://phmpt.org/wp-content/uploads/2023/11/125742_S11_M1_cover.pdf
version,125742-45_S244_M1_cover.pdf,Pfizer BLA,M1,(b)(6) +6,6,(b)(6) 7,(b)(6) 1,2,4,https://phmpt.org/wp-content/uploads/2023/09/125742-45_S244_M1_cover.pdf
version,125742-45_S316_M1_cover.pdf,Pfizer BLA,M1,(b)(6) +6,6,(b)(6) 8,(b)(6) 2,2,4,https://phmpt.org/wp-content/uploads/2023/09/125742-45_S316_M1_cover.pdf
version,125742-45_S321_M1_cover.pdf,Pfizer BLA,M1,(b)(6) +6,6,(b)(6) 8,(b)(6) 2,2,4,https://phmpt.org/wp-content/uploads/2023/09/125742-45_S321_M1_cover.pdf
version,125742-45_S328_M1_cover.pdf,Pfizer BLA,M1,(b)(6) +6,6,(b)(6) 8,(b)(6) 2,2,4,https://phmpt.org/wp-content/uploads/2023/09/125742-45_S328_M1_cover.pdf
version,125742_S25_M1_cover.pdf,Pfizer BLA,M1,(b)(6) +6,6,(b)(6) 6,,2,4,https://phmpt.org/wp-content/uploads/2023/11/125742_S25_M1_cover.pdf
version,125742_S26_M1_cover.pdf,Pfizer BLA,M1,(b)(6) +6,6,(b)(6) 6,,2,4,https://phmpt.org/wp-content/uploads/2023/11/125742_S26_M1_cover.pdf
version,125742_S53_M1_cover.pdf,Pfizer BLA,M1,(b)(6) +6,6,(b)(6) 6,,2,4,https://phmpt.org/wp-content/uploads/2023/11/125742_S53_M1_cover.pdf
version,125742-45_S271_M1_cover.pdf,Pfizer BLA,M1,(b)(6) +5,5,(b)(6) 7,(b)(6) 2,2,4,https://phmpt.org/wp-content/uploads/2023/09/125742-45_S271_M1_cover.pdf
version,125742-45_S273_M1_cover.pdf,Pfizer BLA,M1,(b)(6) +5,5,(b)(6) 7,(b)(6) 2,2,4,https://phmpt.org/wp-content/uploads/2023/09/125742-45_S273_M1_cover.pdf
version,125742-45_S279_M1_cover.pdf,Pfizer BLA,M1,(b)(6) +5,5,(b)(6) 7,(b)(6) 2,2,4,https://phmpt.org/wp-content/uploads/2023/09/125742-45_S279_M1_cover.pdf
version,125742_S30_M1_cover.pdf,Pfizer BLA,M1,(b)(6) +5,5,(b)(6) 5,,2,4,https://phmpt.org/wp-content/uploads/2023/11/125742_S30_M1_cover.pdf
version,125742_S43_M1_cover.pdf,Pfizer BLA,M1,(b)(6) +5,5,(b)(6) 5; (b)(4) 1,(b)(4) 1,2,4,https://phmpt.org/wp-content/uploads/2023/11/125742_S43_M1_cover.pdf
version,125742_S50_M1_cover.pdf,Pfizer BLA,M1,(b)(6) +5,5,(b)(6) 5,,2,4,https://phmpt.org/wp-content/uploads/2023/11/125742_S50_M1_cover.pdf
version,27034_S28_M1_cover.pdf,Pfizer EUA,M1,(b)(6) +5,5,(b)(6) 5,,2,4,https://drive.google.com/file/d/1Xqc034x87pBR2bGARh8vgz3IDvPQcYgP/view?usp=drivesdk
version,125742-45_S276_M1_cover.pdf,Pfizer BLA,M1,(b)(6) +4,4,(b)(6) 6,(b)(6) 2,2,4,https://phmpt.org/wp-content/uploads/2023/09/125742-45_S276_M1_cover.pdf
version,125742-45_S364_M1_cover.pdf,Pfizer BLA,M1,(b)(6) +4,4,(b)(6) 6,(b)(6) 2,2,4,https://phmpt.org/wp-content/uploads/2023/09/125742-45_S364_M1_cover.pdf
version,125742_S12_M1_cover.pdf,Pfizer BLA,M1,(b)(6) +4,4,(b)(6) 4,,2,4,https://phmpt.org/wp-content/uploads/2023/08/125742_S12_M1_cover.pdf
version,125742_S15_M1_cover.pdf,Pfizer BLA,M1,(b)(6) +4,4,(b)(6) 4,,2,4,https://phmpt.org/wp-content/uploads/2023/11/125742_S15_M1_cover.pdf
version,125742_S17_M1_cover.pdf,Pfizer BLA,M1,(b)(6) +4,4,(b)(6) 4,,2,4,https://phmpt.org/wp-content/uploads/2023/11/125742_S17_M1_cover.pdf
version,125742_S19_M1_cover.pdf,Pfizer BLA,M1,(b)(6) +4,4,(b)(6) 4,,2,4,https://phmpt.org/wp-content/uploads/2023/11/125742_S19_M1_cover.pdf
version,125742_S22_M1_cover.pdf,Pfizer BLA,M1,(b)(6) +4,4,(b)(6) 4; (b)(4) 2,(b)(4) 2,2,4,https://phmpt.org/wp-content/uploads/2023/11/125742_S22_M1_cover.pdf
version,125742_S33_M1_cover.pdf,Pfizer BLA,M1,(b)(6) +4,4,(b)(6) 4,,2,4,https://phmpt.org/wp-content/uploads/2023/08/125742_S33_M1_cover.pdf
version,125742_S34_M1_cover.pdf,Pfizer BLA,M1,(b)(6) +4,4,(b)(6) 4,,2,4,https://phmpt.org/wp-content/uploads/2023/11/125742_S34_M1_cover.pdf
version,125742_S35_M1_cover.pdf,Pfizer BLA,M1,(b)(6) +4,4,(b)(6) 4,,2,4,https://phmpt.org/wp-content/uploads/2023/11/125742_S35_M1_cover.pdf
version,125742_S36_M1_cover.pdf,Pfizer BLA,M1,(b)(6) +4,4,(b)(6) 4,,2,4,https://phmpt.org/wp-content/uploads/2023/11/125742_S36_M1_cover.pdf
version,125742_S37_M1_cover.pdf,Pfizer BLA,M1,(b)(6) +4,4,(b)(6) 4,,2,4,https://phmpt.org/wp-content/uploads/2023/11/125742_S37_M1_cover.pdf
version,125742_S40_M1_cover.pdf,Pfizer BLA,M1,(b)(6) +4,4,(b)(6) 4,,2,4,https://phmpt.org/wp-content/uploads/2023/11/125742_S40_M1_cover.pdf
version,125742_S42_M1_cover.pdf,Pfizer BLA,M1,(b)(6) +4,4,(b)(6) 4,,2,4,https://phmpt.org/wp-content/uploads/2023/11/125742_S42_M1_cover.pdf
version,125742_S44_M1_cover.pdf,Pfizer BLA,M1,(b)(6) +4,4,(b)(6) 4,,2,4,https://phmpt.org/wp-content/uploads/2023/11/125742_S44_M1_cover.pdf
version,125742_S47_M1_cover.pdf,Pfizer BLA,M1,(b)(6) +4,4,(b)(6) 4,,2,4,https://phmpt.org/wp-content/uploads/2023/11/125742_S47_M1_cover.pdf
version,125742_S48_M1_cover.pdf,Pfizer BLA,M1,(b)(6) +4,4,(b)(6) 4; (b)(4) 1,(b)(4) 1,2,4,https://phmpt.org/wp-content/uploads/2023/11/125742_S48_M1_cover.pdf
version,125742_S5_M1_cover.pdf,Pfizer BLA,M1,(b)(6) +4,4,(b)(6) 4; (b)(4) 1,(b)(4) 1,2,4,https://phmpt.org/wp-content/uploads/2023/11/125742_S5_M1_cover.pdf
version,125742_S63_M1_cover.pdf,Pfizer BLA,M1,(b)(6) +4,4,(b)(6) 4,,2,4,https://phmpt.org/wp-content/uploads/2023/11/125742_S63_M1_cover.pdf
version,125742_S67_M1_cover.pdf,Pfizer BLA,M1,(b)(6) +4,4,(b)(6) 4,,2,4,https://phmpt.org/wp-content/uploads/2023/08/125742_S67_M1_cover.pdf
version,27034_S12_M1_cover.pdf,Pfizer EUA,M1,(b)(6) +4,4,(b)(6) 4,,2,4,https://drive.google.com/file/d/1VYmQ04-qjIld6JtwP0av5n5gYZ05pISg/view?usp=drivesdk
version,27034_S170_M1_cover.pdf,Pfizer EUA,M1,(b)(6) +4,4,(b)(6) 4,,2,4,https://drive.google.com/file/d/1uQTNiDfm58ysbd0CKDdhKfS0AxnXlbcn/view?usp=drivesdk
version,27034_S22_M1_cover.pdf,Pfizer EUA,M1,(b)(6) +4,4,(b)(6) 4,,2,4,https://drive.google.com/file/d/1tvzbd1ARtr4tIxUyJovhms6A6nGNSDEc/view?usp=drivesdk
version,27034_S27_M1_cover.pdf,Pfizer EUA,M1,(b)(6) +4,4,(b)(6) 4,,2,4,https://drive.google.com/file/d/1mz1tY33UxULbUUQJmtLmpyZ_l4lHuIEH/view?usp=drivesdk
version,019736_S387_M1_cover.pdf,Pfizer IND/EUA,M1,(b)(6) +4,4,(b)(6) 4,,2,4,https://phmpt.org/wp-content/uploads/2023/10/019736_S387_M1_cover.pdf
version,019736_S398_M1_cover.pdf,Pfizer IND/EUA,M1,(b)(6) +4,4,(b)(6) 4,,2,4,https://phmpt.org/wp-content/uploads/2023/10/019736_S398_M1_cover.pdf
version,019736_S414_M1_cover.pdf,Pfizer IND/EUA,M1,(b)(6) +4,4,(b)(6) 4,,2,4,https://phmpt.org/wp-content/uploads/2023/10/019736_S414_M1_cover.pdf
version,019736_S444_M1_cover.pdf,Pfizer IND/EUA,M1,(b)(6) +4,4,(b)(6) 4,,3,4,https://phmpt.org/wp-content/uploads/2023/10/019736_S444_M1_cover.pdf
version,019736_S470_M1_cover.pdf,Pfizer IND/EUA,M1,(b)(6) +4,4,(b)(6) 4,,3,4,https://phmpt.org/wp-content/uploads/2023/10/019736_S470_M1_cover.pdf
version,019736_S488_M1_cover.pdf,Pfizer IND/EUA,M1,(b)(6) +4,4,(b)(6) 4,,3,4,https://phmpt.org/wp-content/uploads/2023/10/019736_S488_M1_cover.pdf
version,125742-45_S252_M1_cover.pdf,Pfizer BLA,M1,(b)(6) +3,3,(b)(6) 5,(b)(6) 2,2,4,https://phmpt.org/wp-content/uploads/2023/09/125742-45_S252_M1_cover.pdf
version,125742-45_S267_M1_cover.pdf,Pfizer BLA,M1,(b)(6) +3,3,(b)(6) 5,(b)(6) 2,2,4,https://phmpt.org/wp-content/uploads/2023/09/125742-45_S267_M1_cover.pdf
version,125742_S10_M1_cover.pdf,Pfizer BLA,M1,(b)(6) +3,3,(b)(6) 3,,2,4,https://phmpt.org/wp-content/uploads/2023/08/125742_S10_M1_cover.pdf
version,125742_S13_M1_cover.pdf,Pfizer BLA,M1,(b)(6) +3,3,(b)(6) 3,,2,4,https://phmpt.org/wp-content/uploads/2023/08/125742_S13_M1_cover.pdf
version,125742_S14_M1_cover.pdf,Pfizer BLA,M1,(b)(6) +3,3,(b)(6) 3,,2,4,https://phmpt.org/wp-content/uploads/2023/04/125742_S14_M1_cover.pdf
version,125742_S16_M1_cover.pdf,Pfizer BLA,M1,(b)(6) +3,3,(b)(6) 3,,2,4,https://phmpt.org/wp-content/uploads/2023/08/125742_S16_M1_cover.pdf
version,125742_S18_M1_cover.pdf,Pfizer BLA,M1,(b)(6) +3,3,(b)(6) 3,,2,4,https://phmpt.org/wp-content/uploads/2023/08/125742_S18_M1_cover.pdf
version,125742_S20_M1_cover.pdf,Pfizer BLA,M1,(b)(6) +3,3,(b)(6) 3,,2,4,https://phmpt.org/wp-content/uploads/2023/08/125742_S20_M1_cover.pdf
version,125742_S21_M1_cover.pdf,Pfizer BLA,M1,(b)(6) +3,3,(b)(6) 3,,2,4,https://phmpt.org/wp-content/uploads/2023/08/125742_S21_M1_cover.pdf
version,125742_S23_M1_cover.pdf,Pfizer BLA,M1,(b)(6) +3,3,(b)(6) 3,,2,4,https://phmpt.org/wp-content/uploads/2023/08/125742_S23_M1_cover.pdf
version,125742_S24_M1_cover.pdf,Pfizer BLA,M1,(b)(6) +3,3,(b)(6) 3,,2,4,https://phmpt.org/wp-content/uploads/2023/08/125742_S24_M1_cover.pdf
version,125742_S27_M1_cover.pdf,Pfizer BLA,M1,(b)(6) +3,3,(b)(6) 3,,2,4,https://phmpt.org/wp-content/uploads/2023/08/125742_S27_M1_cover.pdf
version,125742_S28_M1_cover.pdf,Pfizer BLA,M1,(b)(6) +3,3,(b)(6) 3,,2,4,https://phmpt.org/wp-content/uploads/2023/08/125742_S28_M1_cover.pdf
version,125742_S31_M1_cover.pdf,Pfizer BLA,M1,(b)(6) +3,3,(b)(6) 3,,2,4,https://phmpt.org/wp-content/uploads/2023/08/125742_S31_M1_cover.pdf
version,125742_S38_M1_cover.pdf,Pfizer BLA,M1,(b)(6) +3,3,(b)(6) 3,,2,4,https://phmpt.org/wp-content/uploads/2023/09/125742_S38_M1_cover.pdf
version,125742_S41_M1_cover.pdf,Pfizer BLA,M1,(b)(6) +3,3,(b)(6) 3,,2,4,https://phmpt.org/wp-content/uploads/2023/08/125742_S41_M1_cover.pdf
version,125742_S45_M1_cover.pdf,Pfizer BLA,M1,(b)(6) +3,3,(b)(6) 3,,2,4,https://phmpt.org/wp-content/uploads/2023/08/125742_S45_M1_cover.pdf
version,125742_S46_M1_cover.pdf,Pfizer BLA,M1,(b)(6) +3,3,(b)(6) 3,,2,4,https://phmpt.org/wp-content/uploads/2023/08/125742_S46_M1_cover.pdf
version,125742_S49_M1_cover.pdf,Pfizer BLA,M1,(b)(6) +3,3,(b)(6) 3,,2,4,https://phmpt.org/wp-content/uploads/2023/08/125742_S49_M1_cover.pdf
version,125742_S4_M1_cover.pdf,Pfizer BLA,M1,(b)(6) +3,3,(b)(6) 3,,2,4,https://phmpt.org/wp-content/uploads/2023/04/125742_S4_M1_cover.pdf
version,125742_S52_M1_cover.pdf,Pfizer BLA,M1,(b)(6) +3,3,(b)(6) 3,,2,4,https://phmpt.org/wp-content/uploads/2023/08/125742_S52_M1_cover.pdf
version,125742_S54_M1_cover.pdf,Pfizer BLA,M1,(b)(6) +3,3,(b)(6) 3,,2,4,https://phmpt.org/wp-content/uploads/2023/08/125742_S54_M1_cover.pdf
version,125742_S59_M1_cover.pdf,Pfizer BLA,M1,(b)(6) +3,3,(b)(6) 3,,2,4,https://phmpt.org/wp-content/uploads/2023/11/125742_S59_M1_cover.pdf
version,125742_S62_M1_cover.pdf,Pfizer BLA,M1,(b)(6) +3,3,(b)(6) 3,,2,4,https://phmpt.org/wp-content/uploads/2023/08/125742_S62_M1_cover.pdf
version,125742_S64_M1_cover.pdf,Pfizer BLA,M1,(b)(6) +3,3,(b)(6) 3,,2,4,https://phmpt.org/wp-content/uploads/2023/08/125742_S64_M1_cover.pdf
version,125742_S69_M1_cover.pdf,Pfizer BLA,M1,(b)(6) +3,3,(b)(6) 3,,2,4,https://phmpt.org/wp-content/uploads/2023/08/125742_S69_M1_cover.pdf
version,125742_S71_M1_cover.pdf,Pfizer BLA,M1,(b)(6) +3,3,(b)(6) 3,,2,4,https://phmpt.org/wp-content/uploads/2023/08/125742_S71_M1_cover.pdf
version,125742_S74_M1_cover.pdf,Pfizer BLA,M1,(b)(6) +3,3,(b)(6) 3,,2,4,https://phmpt.org/wp-content/uploads/2023/08/125742_S74_M1_cover.pdf
version,125742_S75_M1_cover.pdf,Pfizer BLA,M1,(b)(6) +3,3,(b)(6) 3,,2,4,https://phmpt.org/wp-content/uploads/2023/08/125742_S75_M1_cover.pdf
version,125742_S77_M1_cover.pdf,Pfizer BLA,M1,(b)(6) +3,3,(b)(6) 3,,2,4,https://phmpt.org/wp-content/uploads/2023/08/125742_S77_M1_cover.pdf
version,125742_S78_M1_cover.pdf,Pfizer BLA,M1,(b)(6) +3,3,(b)(6) 3,,2,4,https://phmpt.org/wp-content/uploads/2023/08/125742_S78_M1_cover.pdf
version,125742_S7_M1_cover.pdf,Pfizer BLA,M1,(b)(6) +3,3,(b)(6) 3,,2,4,https://phmpt.org/wp-content/uploads/2023/08/125742_S7_M1_cover.pdf
version,125742_S8_M1_cover.pdf,Pfizer BLA,M1,(b)(6) +3,3,(b)(6) 3,,2,4,https://phmpt.org/wp-content/uploads/2023/08/125742_S8_M1_cover.pdf
version,125742_S9_M1_cover.pdf,Pfizer BLA,M1,(b)(6) +3,3,(b)(6) 3,,2,4,https://phmpt.org/wp-content/uploads/2023/08/125742_S9_M1_cover.pdf
version,27034_S149_M1_cover.pdf,Pfizer EUA,M1,(b)(6) +3,3,(b)(6) 3,,2,4,https://drive.google.com/file/d/1uQTNiDfm58ysbd0CKDdhKfS0AxnXlbcn/view?usp=drivesdk
version,27034_S155_M1_cover.pdf,Pfizer EUA,M1,(b)(6) +3,3,(b)(6) 3,,2,4,https://drive.google.com/file/d/1uQTNiDfm58ysbd0CKDdhKfS0AxnXlbcn/view?usp=drivesdk
version,27034_S160_M1_cover.pdf,Pfizer EUA,M1,(b)(6) +3,3,(b)(6) 3,,2,4,https://drive.google.com/file/d/1uQTNiDfm58ysbd0CKDdhKfS0AxnXlbcn/view?usp=drivesdk
version,27034_S161_M1_cover.pdf,Pfizer EUA,M1,(b)(6) +3,3,(b)(6) 3,,2,4,https://drive.google.com/file/d/1uQTNiDfm58ysbd0CKDdhKfS0AxnXlbcn/view?usp=drivesdk
version,27034_S2_M1_cover.pdf,Pfizer EUA,M1,(b)(6) +3,3,(b)(6) 3,,2,4,https://drive.google.com/file/d/15W2MnBmJYxR_DDCcdsUD35yegAu5tU8M/view?usp=drivesdk
version,019736_S157_M1_cover.pdf,Pfizer IND/EUA,M1,(b)(6) +3,3,(b)(6) 3,,2,4,https://phmpt.org/wp-content/uploads/2023/10/019736_S157_M1_cover.pdf
version,019736_S325_M1_cover.pdf,Pfizer IND/EUA,M1,(b)(6) +3,3,(b)(6) 3,,2,4,https://phmpt.org/wp-content/uploads/2023/10/019736_S325_M1_cover.pdf
version,125742_S102_M1_cover.pdf,Pfizer BLA,M1,(b)(6) +2,2,(b)(6) 2,,2,4,https://phmpt.org/wp-content/uploads/2023/08/125742_S102_M1_cover.pdf
version,125742_S105_M1_cover.pdf,Pfizer BLA,M1,(b)(6) +2,2,(b)(6) 2,,2,4,https://phmpt.org/wp-content/uploads/2023/08/125742_S105_M1_cover.pdf
version,125742_S111_M1_cover.pdf,Pfizer BLA,M1,(b)(6) +2,2,(b)(6) 4,(b)(6) 2,2,4,https://phmpt.org/wp-content/uploads/2023/11/125742_S111_M1_cover.pdf
version,125742_S112_M1_cover.pdf,Pfizer BLA,M1,(b)(6) +2,2,(b)(4) 3; (b)(6) 2,(b)(4) 3,2,4,https://phmpt.org/wp-content/uploads/2023/11/125742_S112_M1_cover.pdf
version,125742_S113_M1_cover.pdf,Pfizer BLA,M1,(b)(6) +2,2,(b)(6) 2,,2,4,https://phmpt.org/wp-content/uploads/2023/08/125742_S113_M1_cover.pdf
version,125742_S1_M1_cover.pdf,Pfizer BLA,M1,(b)(6) +2,2,(b)(6) 2,,6,4,https://phmpt.org/wp-content/uploads/2022/03/125742_S1_M1_cover.pdf
version,125742_S29_M1_cover.pdf,Pfizer BLA,M1,(b)(6) +2,2,(b)(6) 2,,2,4,https://phmpt.org/wp-content/uploads/2023/08/125742_S29_M1_cover.pdf
version,125742_S2_M1_cover.pdf,Pfizer BLA,M1,(b)(6) +2,2,(b)(6) 2,,5,4,https://phmpt.org/wp-content/uploads/2023/04/125742_S2_M1_cover.pdf
version,125742_S32_M1_cover.pdf,Pfizer BLA,M1,(b)(6) +3; (b)(4) -1,2,(b)(6) 3,(b)(4) 1,2,4,https://phmpt.org/wp-content/uploads/2023/08/125742_S32_M1_cover.pdf
version,125742_S39_M1_cover.pdf,Pfizer BLA,M1,(b)(6) +2,2,(b)(6) 2,,2,4,https://phmpt.org/wp-content/uploads/2023/08/125742_S39_M1_cover.pdf
version,125742_S3_M1_cover.pdf,Pfizer BLA,M1,(b)(6) +2,2,(b)(6) 2,,2,4,https://phmpt.org/wp-content/uploads/2023/04/125742_S3_M1_cover.pdf
version,125742_S51_M1_cover.pdf,Pfizer BLA,M1,(b)(6) +2,2,(b)(6) 2,,2,4,https://phmpt.org/wp-content/uploads/2023/08/125742_S51_M1_cover.pdf
version,125742_S55_M1_cover.pdf,Pfizer BLA,M1,(b)(6) +2,2,(b)(6) 2,,2,4,https://phmpt.org/wp-content/uploads/2023/11/125742_S55_M1_cover.pdf
version,125742_S56_M1_cover.pdf,Pfizer BLA,M1,(b)(6) +2,2,(b)(4) 2; (b)(6) 2,(b)(4) 2,2,4,https://phmpt.org/wp-content/uploads/2023/11/125742_S56_M1_cover.pdf
version,125742_S57_M1_cover.pdf,Pfizer BLA,M1,(b)(6) +2,2,(b)(6) 2,,2,4,https://phmpt.org/wp-content/uploads/2023/11/125742_S57_M1_cover.pdf
version,125742_S58_M1_cover.pdf,Pfizer BLA,M1,(b)(6) +2,2,(b)(6) 2,,2,4,https://phmpt.org/wp-content/uploads/2023/08/125742_S58_M1_cover.pdf
version,125742_S60_M1_cover.pdf,Pfizer BLA,M1,(b)(6) +2,2,(b)(4) 9; (b)(6) 2,(b)(4) 9,2,4,https://phmpt.org/wp-content/uploads/2023/11/125742_S60_M1_cover.pdf
version,125742_S61_M1_cover.pdf,Pfizer BLA,M1,(b)(6) +2,2,(b)(6) 2,,2,4,https://phmpt.org/wp-content/uploads/2023/11/125742_S61_M1_cover.pdf
version,125742_S67_M1_response-18aug2021.pdf,Pfizer BLA,M1,(b)(6) +2,2,(b)(6) 2,,3,2,https://phmpt.org/wp-content/uploads/2023/08/125742_S67_M1_response-18aug2021.pdf
version,125742_S68_M1_cover.pdf,Pfizer BLA,M1,(b)(6) +2,2,(b)(6) 2,,2,4,https://phmpt.org/wp-content/uploads/2023/08/125742_S68_M1_cover.pdf
version,125742_S6_M1_cover.pdf,Pfizer BLA,M1,(b)(6) +2,2,(b)(6) 2,,2,4,https://phmpt.org/wp-content/uploads/2023/08/125742_S6_M1_cover.pdf
version,125742_S70_M1_cover.pdf,Pfizer BLA,M1,(b)(6) +2,2,(b)(6) 2,,2,4,https://phmpt.org/wp-content/uploads/2023/08/125742_S70_M1_cover.pdf
version,125742_S72_M1_cover.pdf,Pfizer BLA,M1,(b)(6) +2,2,(b)(6) 2,,2,4,https://phmpt.org/wp-content/uploads/2023/08/125742_S72_M1_cover.pdf
version,125742_S73_M1_cover.pdf,Pfizer BLA,M1,(b)(6) +2,2,(b)(6) 2,,2,4,https://phmpt.org/wp-content/uploads/2023/08/125742_S73_M1_cover.pdf
version,125742_S76_M1_cover.pdf,Pfizer BLA,M1,(b)(6) +2,2,(b)(6) 2,,2,4,https://phmpt.org/wp-content/uploads/2023/08/125742_S76_M1_cover.pdf
version,125742_S79_M1_cover.pdf,Pfizer BLA,M1,(b)(6) +2,2,(b)(6) 2,,2,4,https://phmpt.org/wp-content/uploads/2023/09/125742_S79_M1_cover.pdf
version,125742_S80_M1_cover.pdf,Pfizer BLA,M1,(b)(6) +2,2,(b)(6) 2,,2,4,https://phmpt.org/wp-content/uploads/2023/11/125742_S80_M1_cover.pdf
version,125742_S82_M1_cover.pdf,Pfizer BLA,M1,(b)(6) +2,2,(b)(6) 2,,2,4,https://phmpt.org/wp-content/uploads/2023/08/125742_S82_M1_cover.pdf
version,125742_S85_M1_cover.pdf,Pfizer BLA,M1,(b)(6) +2,2,(b)(6) 2,,2,4,https://phmpt.org/wp-content/uploads/2023/08/125742_S85_M1_cover.pdf
version,125742_S89_M1_cover.pdf,Pfizer BLA,M1,(b)(6) +2,2,(b)(6) 2,,2,4,https://phmpt.org/wp-content/uploads/2023/08/125742_S89_M1_cover.pdf
version,27034_S10_M1_cover.pdf,Pfizer EUA,M1,(b)(6) +2,2,(b)(6) 2,,2,4,https://drive.google.com/file/d/18O8TIzN5p09aBZg2gydyK0nEwL0_0j2_/view?usp=drivesdk
version,27034_S11_M1_cover.pdf,Pfizer EUA,M1,(b)(6) +2,2,(b)(6) 2,,2,4,https://drive.google.com/file/d/1sUH9ehxMm7cC9pU7xNc4SZBKh5wIbcRl/view?usp=drivesdk
version,27034_S135_M1_cover.pdf,Pfizer EUA,M1,(b)(6) +2,2,(b)(6) 2,,2,4,https://drive.google.com/file/d/1uQTNiDfm58ysbd0CKDdhKfS0AxnXlbcn/view?usp=drivesdk
version,27034_S13_M1_cover.pdf,Pfizer EUA,M1,(b)(6) +2,2,(b)(6) 2,,2,4,https://drive.google.com/file/d/1bnDN-9M6HStrw0Z53HE5_WfqE_estZRe/view?usp=drivesdk
version,27034_S146_M1_cover.pdf,Pfizer EUA,M1,(b)(6) +2,2,(b)(6) 2,,2,4,https://drive.google.com/file/d/1uQTNiDfm58ysbd0CKDdhKfS0AxnXlbcn/view?usp=drivesdk
version,27034_S14_M1_cover.pdf,Pfizer EUA,M1,(b)(6) +2,2,(b)(6) 2,,2,4,https://drive.google.com/file/d/1uFTwFlIrj39TfLIMaQiGjs8-Ydcu3F65/view?usp=drivesdk
version,27034_S15_M1_cover.pdf,Pfizer EUA,M1,(b)(6) +2,2,(b)(6) 2,,2,4,https://drive.google.com/file/d/1jkRo1bxKN83OQNIPvi3vbYoOM-scLo__/view?usp=drivesdk
version,27034_S162_M1_cover.pdf,Pfizer EUA,M1,(b)(6) +2,2,(b)(6) 2,,2,4,https://drive.google.com/file/d/1uQTNiDfm58ysbd0CKDdhKfS0AxnXlbcn/view?usp=drivesdk
version,27034_S166_M1_cover.pdf,Pfizer EUA,M1,(b)(6) +2,2,(b)(6) 2,,2,4,https://drive.google.com/file/d/1uQTNiDfm58ysbd0CKDdhKfS0AxnXlbcn/view?usp=drivesdk
version,27034_S16_M1_cover.pdf,Pfizer EUA,M1,(b)(6) +2,2,(b)(6) 2,,2,4,https://drive.google.com/file/d/1ynA7mtrKdxoFGhmQEcQNraNl9kNMSsnv/view?usp=drivesdk
version,27034_S17_M1_cover.pdf,Pfizer EUA,M1,(b)(6) +2,2,(b)(6) 2,,2,4,https://drive.google.com/file/d/1x-CZHhNSlAjS-YS4h70m0yDXmZmKu-TJ/view?usp=drivesdk
version,27034_S18_M1_cover.pdf,Pfizer EUA,M1,(b)(6) +2,2,(b)(6) 2,,2,4,https://drive.google.com/file/d/1nBRf3VS7toANk9usv9RIX-4o-qpCt1Ys/view?usp=drivesdk
version,27034_S19_M1_cover.pdf,Pfizer EUA,M1,(b)(6) +2,2,(b)(6) 3,(b)(6) 1,2,4,https://drive.google.com/file/d/1xVywv7cegas_o20bKyzB50kC6r-0ox8-/view?usp=drivesdk
version,27034_S1_M1_cover.pdf,Pfizer EUA,M1,(b)(6) +2,2,(b)(6) 2,,2,4,https://drive.google.com/file/d/1OnT0qBXgdS1-jlXZBjb-iyTIdD6jlSKT/view?usp=drivesdk
version,27034_S20_M1_cover.pdf,Pfizer EUA,M1,(b)(6) +2,2,(b)(6) 2,,2,4,https://drive.google.com/file/d/11y76LJP06lwyj0Xlga0b-n6YKV7Vgx5m/view?usp=drivesdk
version,27034_S21_M1_cover.pdf,Pfizer EUA,M1,(b)(6) +2,2,(b)(6) 2,,2,4,https://drive.google.com/file/d/1N_ewjGFkfi4K5gYU3lzmZlqm9EG4oHXc/view?usp=drivesdk
version,27034_S23_M1_cover.pdf,Pfizer EUA,M1,(b)(6) +2,2,(b)(6) 2,,2,4,https://drive.google.com/file/d/1HWzBKM9qsy-wZzv0zAU3tJvLyJEVzDaR/view?usp=drivesdk
version,27034_S24_M1_cover.pdf,Pfizer EUA,M1,(b)(6) +2,2,(b)(6) 2,,2,4,https://drive.google.com/file/d/1MSeEYnptb6zXbJF6XA95aCxUkrSVo0Ag/view?usp=drivesdk
version,27034_S25_M1_cover.pdf,Pfizer EUA,M1,(b)(6) +2,2,(b)(6) 2,,2,4,https://drive.google.com/file/d/1nShiJkSKAPRodZdRM185w5gsDxlHe-2D/view?usp=drivesdk
version,27034_S26_M1_cover.pdf,Pfizer EUA,M1,(b)(6) +2,2,(b)(6) 2,,2,4,https://drive.google.com/file/d/1QG6wTEYjl0CpTwirNAAq8GYgKUh6XB-t/view?usp=drivesdk
version,27034_S3_M1_cover.pdf,Pfizer EUA,M1,(b)(6) +2,2,(b)(6) 2,,2,4,https://drive.google.com/file/d/1fWPFLpXA8KdKsSOvLrAHDxnu4CWAt5tA/view?usp=drivesdk
version,27034_S4_M1_cover.pdf,Pfizer EUA,M1,(b)(6) +2,2,(b)(6) 2,,2,4,https://drive.google.com/file/d/1_cafqzz_-7-asNc86Dfmu_x3ztQ784ty/view?usp=drivesdk
version,27034_S5_M1_cover.pdf,Pfizer EUA,M1,(b)(6) +2,2,(b)(6) 2,,2,4,https://drive.google.com/file/d/1e6H0lt9KrzEHWFjNVRCAo9gP2mRbM8Wy/view?usp=drivesdk
version,27034_S6_M1_cover.pdf,Pfizer EUA,M1,(b)(6) +2,2,(b)(6) 2,,2,4,https://drive.google.com/file/d/1TBUX6579qMucAupglp3argYJRZs6h1sn/view?usp=drivesdk
version,27034_S7_M1_cover.pdf,Pfizer EUA,M1,(b)(6) +2,2,(b)(6) 2,,2,4,https://drive.google.com/file/d/1LIZAfBx-9PzekDhDWs3n6osyGGQO9k5Q/view?usp=drivesdk
version,27034_S8_M1_cover.pdf,Pfizer EUA,M1,(b)(6) +2,2,(b)(6) 2,,2,4,https://drive.google.com/file/d/1tTtYjJ-JKfzt_9vwjdvrFscEDyM5wZKR/view?usp=drivesdk
version,27034_S9_M1_cover.pdf,Pfizer EUA,M1,(b)(6) +2,2,(b)(6) 2,,2,4,https://drive.google.com/file/d/1T8wO3-_NYzpcLkl84WRbafAm0pmXiHqD/view?usp=drivesdk
version,019736_S196_M1_cover.pdf,Pfizer IND/EUA,M1,(b)(6) +2,2,(b)(6) 2,,2,4,https://phmpt.org/wp-content/uploads/2023/10/019736_S196_M1_cover.pdf
version,019736_S222_M1_cover.pdf,Pfizer IND/EUA,M1,(b)(6) +2,2,(b)(6) 2,,2,4,https://phmpt.org/wp-content/uploads/2023/10/019736_S222_M1_cover.pdf
version,019736_S268_M1_cover.pdf,Pfizer IND/EUA,M1,(b)(6) +2,2,(b)(6) 2,,3,4,https://phmpt.org/wp-content/uploads/2023/10/019736_S268_M1_cover.pdf
version,019736_S31_M1_cover.pdf,Pfizer IND/EUA,M1,(b)(6) +2,2,(b)(6) 2,,2,4,https://phmpt.org/wp-content/uploads/2023/10/019736_S31_M1_cover.pdf
version,019736_S434_M1_cover.pdf,Pfizer IND/EUA,M1,(b)(6) +2,2,(b)(6) 2,,2,4,https://phmpt.org/wp-content/uploads/2024/01/019736_S434_M1_cover.pdf
version,019736_S70_M1_cover.pdf,Pfizer IND/EUA,M1,(b)(6) +2,2,(b)(6) 2,,2,4,https://phmpt.org/wp-content/uploads/2023/10/019736_S70_M1_cover.pdf
version,125742_S18_M1_response-22jul2021.pdf,Pfizer BLA,M1,(b)(6) +1,1,(b)(6) 1,,10,5,https://phmpt.org/wp-content/uploads/2023/08/125742_S18_M1_response-22jul2021.pdf
version,125742_S20_M1_response-22jul2021.pdf,Pfizer BLA,M1,(b)(6) +1,1,(b)(6) 1,,7,5,https://phmpt.org/wp-content/uploads/2023/08/125742_S20_M1_response-22jul2021.pdf
version,125742_S23_M1_response-26jul2021.pdf,Pfizer BLA,M1,(b)(6) +1,1,(b)(6) 1,,6,32,https://phmpt.org/wp-content/uploads/2023/08/125742_S23_M1_response-26jul2021.pdf
version,125742_S30_M1_response-26jul2021.pdf,Pfizer BLA,M1,(b)(6) +1,1,(b)(4) 2; (b)(6) 1,(b)(4) 2,1,32,https://phmpt.org/wp-content/uploads/2023/11/125742_S30_M1_response-26jul2021.pdf
version,125742_S49_M1_response-13aug2021.pdf,Pfizer BLA,M1,(b)(6) +1,1,(b)(6) 1,,17,8,https://phmpt.org/wp-content/uploads/2023/08/125742_S49_M1_response-13aug2021.pdf
version,125742_S54_M1_response-16aug2021.pdf,Pfizer BLA,M1,(b)(6) +1,1,(b)(6) 1,,6,2,https://phmpt.org/wp-content/uploads/2023/08/125742_S54_M1_response-16aug2021.pdf
version,27034_S168_M1_cover.pdf,Pfizer EUA,M1,(b)(6) +1,1,(b)(6) 1,,2,4,https://drive.google.com/file/d/1uQTNiDfm58ysbd0CKDdhKfS0AxnXlbcn/view?usp=drivesdk
version,019736_S185_M1_cover.pdf,Pfizer IND/EUA,M1,(b)(6) +1,1,(b)(6) 1,,2,4,https://phmpt.org/wp-content/uploads/2023/09/125742-45_S211_M1_cover.pdf
version,019736_S214_M1_cover.pdf,Pfizer IND/EUA,M1,(b)(6) +1,1,(b)(6) 1,,2,4,https://phmpt.org/wp-content/uploads/2023/09/125742-45_S211_M1_cover.pdf
version,019736_S243_M1_cover.pdf,Pfizer IND/EUA,M1,(b)(6) +1,1,(b)(6) 1,,2,4,https://phmpt.org/wp-content/uploads/2023/09/125742-45_S211_M1_cover.pdf
version,019736_S289_M1_cover.pdf,Pfizer IND/EUA,M1,(b)(6) +1,1,(b)(6) 1,,2,4,https://phmpt.org/wp-content/uploads/2023/09/125742-45_S211_M1_cover.pdf
version,019736_S335_M1_cover.pdf,Pfizer IND/EUA,M1,(b)(6) +1,1,(b)(6) 1,,2,4,https://phmpt.org/wp-content/uploads/2023/09/125742-45_S211_M1_cover.pdf
version,019736_S366_M1_cover.pdf,Pfizer IND/EUA,M1,(b)(6) +1,1,(b)(6) 1,,2,4,https://phmpt.org/wp-content/uploads/2023/09/125742-45_S211_M1_cover.pdf
version,019736_S369_M1_cover.pdf,Pfizer IND/EUA,M1,(b)(6) +1,1,(b)(6) 1,,1,4,https://phmpt.org/wp-content/uploads/2023/09/125742-45_S211_M1_cover.pdf
version,019736_S408_M1_cover.pdf,Pfizer IND/EUA,M1,(b)(6) +1,1,(b)(6) 1,,2,4,https://phmpt.org/wp-content/uploads/2023/09/125742-45_S211_M1_cover.pdf
version,019736_S453_M1_cover.pdf,Pfizer IND/EUA,M1,(b)(6) +1,1,(b)(6) 1,,2,4,https://phmpt.org/wp-content/uploads/2023/09/125742-45_S211_M1_cover.pdf
version,019736_S491_M1_cover.pdf,Pfizer IND/EUA,M1,(b)(6) +1,1,(b)(6) 1,,2,4,https://phmpt.org/wp-content/uploads/2023/09/125742-45_S211_M1_cover.pdf
